# instance=medium_moderate_c
COST : 68815.1500
DEPOTS_OPENED : 20
ROUTES : 169
DEPOT 1
ROUTE : 77 474 516 297 176 977 414
ROUTE : 653 900 843 383 439
ROUTE : 337 789 312 497 97 466 293 46 783
ROUTE : 731 433 344 47
ROUTE : 1010 781 423 304 483
ROUTE : 315 513 252 85 845
ROUTE : 670 801 851 836 681 543
DEPOT 2
ROUTE : 340 1002 1029 31 978
ROUTE : 889 615 697 467 372
ROUTE : 502 890 57 708
ROUTE : 316 823 990 228 336 444 141 35 50
ROUTE : 755 545 273 847 149 153
ROUTE : 793 964 629 164 938
DEPOT 3
ROUTE : 450 935 353
ROUTE : 357 238 56 145 695 524
ROUTE : 807 835 644 541 779 533 723
ROUTE : 623 330 664 146
ROUTE : 168 861 469 308 209 184 635 100 257
ROUTE : 829 909 268 698 811 471 954 873 678
DEPOT 6
ROUTE : 271 706 230 217 612 204 61 927
ROUTE : 788 784 206 769 214 200
ROUTE : 728 87 142 772 675 106
ROUTE : 421 737 391 279 481 994 720
ROUTE : 447 773 791 363 842 108 300
ROUTE : 741 548 585 334 998 313
DEPOT 7
ROUTE : 852 491 147 542 824 111 119 133
ROUTE : 905 591 441 448 699 659 833
ROUTE : 390 942 472 638 657
ROUTE : 94 530 656 135 808 550
ROUTE : 680 937 325 884 67
ROUTE : 399 381 939 671 402 510
ROUTE : 827 514 284 307 796
ROUTE : 598 564 592 256
ROUTE : 804 442 968 386 739
ROUTE : 125 888 452 872 885 746 624 275 563 92
ROUTE : 878 246 380 915 392 733 223 1011
ROUTE : 613 749 455 832
ROUTE : 865 787 825 667 846
ROUTE : 434 562 236 947 674 639 440
ROUTE : 996 726 645 744 608 540 350
ROUTE : 339 332 561 991
ROUTE : 427 742 537 167
DEPOT 8
ROUTE : 616 247 817 971 519 745
ROUTE : 1021 459 276 417 220 437
ROUTE : 554 115 38 278 166
ROUTE : 362 354 944 917 856
ROUTE : 848 552 559 175 446
ROUTE : 170 219 74 609
ROUTE : 294 953 686 633 384
DEPOT 12
ROUTE : 955 59 338 410
ROUTE : 432 526 299 520 875 982 572 665 482 319 137
ROUTE : 333 90 914 468
ROUTE : 253 290 349 622 511 594 819 132 569
ROUTE : 286 123 89 356 155 679
ROUTE : 840 431 945 360 129 359 619
ROUTE : 921 637 480 83 625 113
DEPOT 13
ROUTE : 58 189 729
ROUTE : 327 588 405 458 1006 331 806
ROUTE : 830 424 857 395 250 654 1030 39 425
ROUTE : 920 248 212 762 1001
DEPOT 15
ROUTE : 903 36 628 610 197
ROUTE : 64 234 117 375 587 66
ROUTE : 898 33 152 527 463 1025 193
ROUTE : 936 626 992 301 191 490 291
ROUTE : 673 916 850 521 997
ROUTE : 753 464 187 378 974 636
ROUTE : 810 538 672 470 655 858 877
ROUTE : 232 174 946 882 941 352 862 546
ROUTE : 78 794 460 180 860 949 918 365 156 198
DEPOT 16
ROUTE : 786 150 895 477 224 112 159 834
ROUTE : 682 34 579 959 714 98 95 41
ROUTE : 281 396 473 139 943 91
ROUTE : 660 740 241 951 1003
ROUTE : 999 72 69 891 1009 735
ROUTE : 766 309 515 722 251 611 329
ROUTE : 195 926 995 499 182
ROUTE : 650 60 960 302
ROUTE : 687 841 413 306
ROUTE : 868 65 120
DEPOT 18
ROUTE : 581 818 240 496
ROUTE : 893 318 233 63
ROUTE : 910 1024 190 828 707 556
ROUTE : 371 449 757 725 738
ROUTE : 649 322 116 640 487 826 71 1017
ROUTE : 211 689 173 131
ROUTE : 140 128 765 305
ROUTE : 976 874 419
ROUTE : 661 694 683 525 370
ROUTE : 523 124 922 719
ROUTE : 445 776 764 688 261 886 758 96 802
ROUTE : 899 320 181 207 724 32 568 295
DEPOT 19
ROUTE : 912 258 805 718 736
ROUTE : 451 179 768 51
ROUTE : 881 973 178 743 311 1015
ROUTE : 99 606 792 461 815
ROUTE : 507 407 411 485
ROUTE : 651 763 641 462 567
ROUTE : 221 269 560 646 864
DEPOT 20
ROUTE : 289 668 172 151 1023 961 911
ROUTE : 420 280 512 355 838
ROUTE : 493 820
ROUTE : 169 604 797 732 933
ROUTE : 192 37 576 551 816 870 235
ROUTE : 341 398 1005 716 685 326 93 216
DEPOT 22
ROUTE : 254 586 237 952 188 73 821 303
ROUTE : 162 282 648 605 1012 751 800
ROUTE : 501 143 643 571 62 343
ROUTE : 923 288 296 532 215 663 529 457 601
ROUTE : 573 400 379 517 770
ROUTE : 849 222 934 566 993 443 879
ROUTE : 1014 454 799 161 53
DEPOT 23
ROUTE : 81 1000 136 950 385 107 958
ROUTE : 536 489 780 202 346
ROUTE : 40 734 342 928 244
ROUTE : 387 593 259 422 771 185
ROUTE : 165 774 705 855 987 618 831
ROUTE : 582 479 194 348 767 1008 285
ROUTE : 52 558 822 575 555 721 600
ROUTE : 436 717 750 1016 880 266
DEPOT 24
ROUTE : 782 1019 690 907 867 76 1022 138 747
ROUTE : 967 438 394 584 713 798 393 701
ROUTE : 103 298 630 82 854 522
ROUTE : 104 642 239 68 531 109 940
ROUTE : 409 896 54 908 160 208
ROUTE : 366 897 696 317 249
ROUTE : 75 70 597 1004 428 859 416
ROUTE : 932 505 277 727 270 948
DEPOT 25
ROUTE : 969 264 631 368
ROUTE : 972 177 265 759 730
ROUTE : 382 415 589 632 984 412 388
ROUTE : 578 210 602 494 929
ROUTE : 335 785 777 361
ROUTE : 55 389 508 887 989 925
DEPOT 27
ROUTE : 408 274 869 919 547 324 205 310
ROUTE : 44 397 965 45
ROUTE : 709 127 484 287 711 691 534 321 42
ROUTE : 401 126 871 86 863 435
ROUTE : 404 627 712 134 962
ROUTE : 406 684 752 778 756 614
ROUTE : 981 144 652 790
ROUTE : 748 617 369 557 272 621 262
ROUTE : 892 876 970 1007 812
ROUTE : 323 80 570 492 121 328
DEPOT 29
ROUTE : 1026 118 358 403 931
ROUTE : 544 418 595 700 158 218 539 553
ROUTE : 904 963 866 754 426
ROUTE : 373 647 574 376 704
ROUTE : 130 906 478 476 486
ROUTE : 761 267 795 364
ROUTE : 580 760 518 227 658 669
ROUTE : 986 677 956 565 596
ROUTE : 1013 488 983 171 260 49
ROUTE : 154 775 985 292 599 196 715 314 710
ROUTE : 506 43 345 930 1018 203 453
ROUTE : 377 803 465 979 504
ROUTE : 503 590 245 105 110 88
DEPOT 30
ROUTE : 263 577 666 163 242 844 101
ROUTE : 894 980 225 231 201
ROUTE : 48 374 122 79 883
ROUTE : 603 957 351 662
ROUTE : 966 148 620 213 114 498 226 495 1020
ROUTE : 902 693 535 634 813
ROUTE : 528 255 475 703 157 429
ROUTE : 1027 814 583 607 347
ROUTE : 676 913 853 102 509
ROUTE : 367 549 702 1028 430 975
ROUTE : 456 692 901 924
ROUTE : 837 243 199 500 839 283 186
ROUTE : 183 988 84 809 229
EOF
