# instance=medium_moderate_a
COST : 61393.1000
DEPOTS_OPENED : 16
ROUTES : 123
DEPOT 1
ROUTE : 619 105 451 718 107 822 341 31 374
ROUTE : 428 44 201 641 161 234 790 167
ROUTE : 486 564 778 558 732 817 667
ROUTE : 643 126 744 696
ROUTE : 646 763 41 368 521 132
ROUTE : 121 499 633 305 634 654 271 373
ROUTE : 150 185 624 85 484 29 565
ROUTE : 236 601 301 505 737 298 68
ROUTE : 534 629 810 656 117
ROUTE : 597 417 198 410 704 529 144
ROUTE : 566 475 405 385 40 300
DEPOT 2
ROUTE : 61 169 747 370 164
ROUTE : 233 119 785 642 32 181
ROUTE : 727 393 540 369 96 511 208 437
ROUTE : 627 331 714 203 288 524 127 741
ROUTE : 673 131 361 371 396
DEPOT 4
ROUTE : 748 384 693 259 589 580 765
ROUTE : 188 801 713 490 759
ROUTE : 598 356 708 752 479
ROUTE : 813 612 526 648 621 512 348
ROUTE : 557 806 809 427 418 238
ROUTE : 113 771 145 109 553 712 235 440 318 802
DEPOT 5
ROUTE : 782 449 799 413 793 623 539 423 797
ROUTE : 658 98 279 497 514
ROUTE : 45 81 325 688 302
ROUTE : 82 436 515 823 439 681 399 587
ROUTE : 165 402 609 669 70
ROUTE : 200 746 28 615 750
ROUTE : 311 251 462 97 406
DEPOT 7
ROUTE : 631 103 308 638 635 111 289
ROUTE : 676 520 686 611 556 551 582 429
ROUTE : 637 367 60 663 175
ROUTE : 332 222 141 604 215 151 245 115 362
DEPOT 8
ROUTE : 388 149 267 46 775 178
ROUTE : 310 571 543 769 173 184 662
ROUTE : 163 114 554 672
ROUTE : 389 550 578 411 770 366 530 52
ROUTE : 152 249 796 33
DEPOT 10
ROUTE : 54 135 65 122
ROUTE : 71 50 675 682 734 78
ROUTE : 379 645 372 481 768 523 562 62
ROUTE : 677 326 237 160 264 359
ROUTE : 344 559 780 762 286 583 100
ROUTE : 364 193 471 353 474 749 425 683 740
ROUTE : 617 69 821 256 684 408
DEPOT 11
ROUTE : 500 221 89 414
ROUTE : 659 605 468 401 757 694 225
ROUTE : 610 48 34 205 674 756
ROUTE : 670 795 774 433 351 760 767 618 735
ROUTE : 649 692 671 275 360 773 253 324
ROUTE : 336 162 707 387 608 705 488 816
ROUTE : 745 312 102 398 148 685
ROUTE : 581 650 247 338 299 140
ROUTE : 73 478 644 88
ROUTE : 172 721 342 391 180
DEPOT 12
ROUTE : 636 39 460 136 154 409 206 382
ROUTE : 211 715 307 190 134 91 230
ROUTE : 276 273 47 640 518 698 363 243 498
ROUTE : 717 501 58 123 620
ROUTE : 711 352 811 527 183 168
DEPOT 15
ROUTE : 159 416 548 415 463 246 94
ROUTE : 794 214 347 494 397 700 537
ROUTE : 538 687 269 652 590 77 254 787
ROUTE : 630 751 110 482 532 158
ROUTE : 383 473 319 679 492 315 489 716
ROUTE : 67 800 491 503 340
ROUTE : 327 90 665 510
ROUTE : 196 424 241 722 702 552 176
ROUTE : 217 281 186 507 791 350
ROUTE : 733 466 818 592 104 764 343 469
DEPOT 16
ROUTE : 179 278 476 493 576 284 296 329
ROUTE : 290 171 480 197 465
ROUTE : 223 600 547 30 651 260 776
ROUTE : 219 789 506 755 421 128 622
ROUTE : 472 63 394 808 528 758 766
ROUTE : 116 678 56 616 443 293 229
ROUTE : 502 450 355 189 628
ROUTE : 317 560 412 261 194
DEPOT 20
ROUTE : 378 772 720 444 195 461 199 579 496 404
ROUTE : 626 561 595 509 779 599 146 653
ROUTE : 266 309 570 386 118 567
ROUTE : 400 516 666 153 262
ROUTE : 508 231 495 742 218 784
ROUTE : 522 459 83 43 227 72
ROUTE : 613 381 709 274 792 143 441 137
ROUTE : 655 668 335 313 777
DEPOT 21
ROUTE : 680 59 283 546 457 477 586 435 250 549 661
ROUTE : 525 155 64 647 345 639 156 35
ROUTE : 38 130 689 824 691 66 531
ROUTE : 55 594 544 603 26
ROUTE : 535 814 365 268 426 287
ROUTE : 242 719 226 255 357
ROUTE : 306 125 304 464 454 584
ROUTE : 815 333 577 430 328
ROUTE : 456 191 322 42 129
DEPOT 23
ROUTE : 657 202 280 434 92 204
ROUTE : 585 455 216 783 485 316 339 157 569
ROUTE : 786 572 297 588 320 377 504
ROUTE : 664 349 695 690 420 541 632 139 257
ROUTE : 517 467 112 75 625 294 453 258 458
ROUTE : 358 244 568 701 803 106 252
ROUTE : 376 51 182 703 80 487 729 285
ROUTE : 354 147 736 295 87 120 602 407
DEPOT 24
ROUTE : 282 710 174 337 330
ROUTE : 819 177 334 513 798
ROUTE : 37 392 591 79
ROUTE : 812 166 133 448 76 807 563
ROUTE : 743 438 573 101 239 606 432 761
ROUTE : 49 224 728 574 220 93
ROUTE : 207 447 138 303 724
ROUTE : 555 27 228 804 210 753 422
DEPOT 25
ROUTE : 660 820 419 706 575
ROUTE : 209 36 74 192 240 395
ROUTE : 536 142 781 545 730 53 99 57 542
ROUTE : 519 726 380 788 170 212 323 445
ROUTE : 738 124 754 292 452 403
ROUTE : 699 108
ROUTE : 213 739 265 446 607 270
ROUTE : 725 390 272 277 232 375
ROUTE : 614 321 723 533 596
ROUTE : 263 314 248 95 187
ROUTE : 731 593 346 291 805 697 483
ROUTE : 825 431 86 470 84 442
EOF
