# instance=large_loose_b
COST : 8126678.5700
DEPOTS_OPENED : 22
ROUTES : 275
DEPOT 1
ROUTE : 1729 1243 1256 716
ROUTE : 407 956 183 1711 1714 947 1395 1187 48 459 1029 389 1013
ROUTE : 550 1546 1344 1341 244 950 1005 610
ROUTE : 553 157 935
ROUTE : 1045 427 1560 240 1164 224 217 1611
ROUTE : 1366 194 448 779
ROUTE : 1695 985 493
ROUTE : 582 1393 769 697
DEPOT 4
ROUTE : 1536 298 829 473
ROUTE : 1217 1425
ROUTE : 112 768 1487 1250 300 648
ROUTE : 1321 1506 581 1091 810 770
ROUTE : 520 1146 967 437 1453
ROUTE : 788 1710 854 988 1590
ROUTE : 982 125 896 745
ROUTE : 411 1573 1234 1669 1616 859 1006 1379 386 1271
ROUTE : 655 823 316 1621 1012
ROUTE : 604 267 1124
ROUTE : 189 575 491 1273 1298 352 1304 132
ROUTE : 695 1483 1205 875 871 309
ROUTE : 786 942 463 856
ROUTE : 1278 1463 1686
ROUTE : 205 435
ROUTE : 432 512 1279 462 968 271
ROUTE : 720 911 583 962 1522 1180 486 320
ROUTE : 470 1476 880 1653 1130 941 127 1396 61 177 858 1182
ROUTE : 409 1343 78 861 283 1602
ROUTE : 1579 164 1660 1105 906 1705 455 1608 1667 532 1262 1072
ROUTE : 1375 1540
ROUTE : 621 734 948 774 1354 1728 99
ROUTE : 1427 1528 225 623 395 807 186
ROUTE : 573 1595 1215 1107 90 1231
ROUTE : 831 1582 803 936 1168 1578 1043 1035 811 607
ROUTE : 562 1418 902 160 1624 288
ROUTE : 1657 263
ROUTE : 405 1102 1192 863
ROUTE : 797 625 1706
ROUTE : 354 624 741 627
DEPOT 5
ROUTE : 1126 401 1008 156 721 1510 333 615
ROUTE : 343 1693 1553
ROUTE : 1336 307 571 943 688
ROUTE : 997 792 1432
ROUTE : 1202 1155 731 344 1216 1473 523 994
ROUTE : 377 133 245 174
ROUTE : 597 753 1120 148 727 784 790
ROUTE : 70 606 275 662
ROUTE : 817 1403 1020 229 1104
ROUTE : 546 317
ROUTE : 433 760 669 1297 1390 196
ROUTE : 149 1509 1661
ROUTE : 351 1666 847 676 952 34 944 59 670
ROUTE : 1325 1701 752 1119 599
ROUTE : 794 1322 743 618 269 1034 75 1727 708 1445 1070 742
ROUTE : 214 1293 1023 1548 712 1690 690 657
ROUTE : 406 1682 1042 1515 325 885 1361 122 850 766
ROUTE : 46 897 450 268 1255 176 640 1398 1044
ROUTE : 1495 1057 339 1382 404
ROUTE : 485 123 192 1489
ROUTE : 319 1033 709
ROUTE : 852 1198 1125 212 1497
ROUTE : 649 1562 146 802
ROUTE : 38 1370 1062
ROUTE : 1692 89 1338 726 250
ROUTE : 1400 538 228 496
ROUTE : 1174 261 1455 62 1225 596 1066
ROUTE : 730 97 1446 1233
ROUTE : 113 1106 1170 453 1083 1399
ROUTE : 488 918 840 558 1662 1207 1095 1090
ROUTE : 698 799 1067 878 96
ROUTE : 693 185 737
ROUTE : 924 1525 1244 457
DEPOT 6
ROUTE : 577 1474 1613 301 266
ROUTE : 1471 331 327 926 1513
ROUTE : 592 412 208 105 1324 302 970 991
ROUTE : 1221 1689 535 1138 198
DEPOT 7
ROUTE : 1730 611 1575 1627 1672 882
ROUTE : 883 213 234 590
ROUTE : 1200 732 1545 1698
ROUTE : 1301 1441 1529 1581 903 50 820 1181 873 35 713 614 279
ROUTE : 631 1518 153 578 1603 925 665 601 718 1388 1364 998 1069
ROUTE : 584 764 1481 781 129 131 542
ROUTE : 42 598 434 949 1153
ROUTE : 1475 675 870 1142 521 41 579 1465 1292 66
ROUTE : 1720 1302
ROUTE : 1214 39 1037 834 252 236 1504 1060 175 783 499
ROUTE : 1122 262 1596 329 1620
ROUTE : 1674 104 1678
ROUTE : 84 95
DEPOT 8
ROUTE : 1440 117 1493 1442 1018 759 56 1031
ROUTE : 901 1724 588 1387 1362 276 931 1491 323 789 1456
DEPOT 10
ROUTE : 1718 1264 547 904 1704
ROUTE : 372 776 884 1135 1137
ROUTE : 1378 1002 1691 914 1470 1291 431 92
ROUTE : 729 527 1707 1089
ROUTE : 1093 1642 1647 190
ROUTE : 1065 400 506 545
ROUTE : 1565 589 1594 533
ROUTE : 1554 1236
ROUTE : 658 793 1110 586 777 480 1503 500 1559 1424 1212 1307
ROUTE : 37 996 1567 1641 517 324 420 399 1385 872 570 1394 239 1145 881 633 226 1123
ROUTE : 410 650 151 917 1272 1464
ROUTE : 1092 1253 626 442 178 1189 1015
ROUTE : 795 77 1300 886 1675 892 141
ROUTE : 1443 1372
ROUTE : 717 1098 1073 393 1097 222 1201
ROUTE : 443 200 1454 1184 1191
ROUTE : 1320 345 1080 479
ROUTE : 33 1314
ROUTE : 476 1555 1046 1512 1699 980 1294
ROUTE : 1569 1332 336 796 1246 1068 356 1486 685 1053 1147 565 1289 969 65 147
ROUTE : 72 1358 1502 574 951 362 1389 602 1144
ROUTE : 371 1709 585 232 591 821 1505 1557 87
ROUTE : 130 162 1467
ROUTE : 1295 838 1369 1316 207 1508
ROUTE : 1628 1268 923 497 537 739 1333 188
ROUTE : 694 369
ROUTE : 1157 522 744 1444 1541 1516 531 483 150 511 634
ROUTE : 1220 1712 1625 728
ROUTE : 1556 348 1631 1426
ROUTE : 974 687 1488 1296 64 501
ROUTE : 1260 733 678 1056 751 946 507 449 1266 1439 855 899
ROUTE : 159 927 945 707 1175 1162
ROUTE : 668 69 1160 1014 1251 60
ROUTE : 332 265 1622 1203 758
ROUTE : 756 642 1527 1700 502 656
ROUTE : 425 933 484 1585
ROUTE : 464 1275 474 67 1434
ROUTE : 1218 1477 561 1531
ROUTE : 1600 373 938 445 1433 338 641 1028
ROUTE : 865 1194 1081 700 1623
ROUTE : 804 864 295 628 1408 1655 116 812 53
ROUTE : 1609 679 978 1404
ROUTE : 1049 1209 342 566
ROUTE : 145 526 402 954 469
ROUTE : 715 49 705 1103 1197 71 1535 1651
ROUTE : 835 525 111
ROUTE : 1161 518
ROUTE : 1239 528
ROUTE : 1139 206 155
DEPOT 11
ROUTE : 446 381 1254 1219 385
ROUTE : 408 1167 594 1716 672
ROUTE : 992 1259 392 1118 1127 1614 957 1549
ROUTE : 1290 1331 800 1129 735 563 1564 472 953
ROUTE : 1499 1115 639 940 1176 51 347 1607
ROUTE : 1252 454 1460 255 1285 1283 699 282 439
ROUTE : 761 438 478
DEPOT 12
ROUTE : 1360 1274 893 304 673
ROUTE : 253 842 651 593 436 278
ROUTE : 1538 1347 1077 68
ROUTE : 1723 346 1011 139 81 264 934
ROUTE : 1597 1511
ROUTE : 1697 1003
ROUTE : 806 1480
DEPOT 13
ROUTE : 1552 305 1188 249 1258 826 1132
ROUTE : 242 238 1249 1676
DEPOT 14
ROUTE : 907 1584 569 216 605 167 321 663 1041 898 1149 1435 1134 891
ROUTE : 195 1076 684
ROUTE : 220 1683 297
ROUTE : 43 1374 114 1318 508 1409
DEPOT 15
ROUTE : 1204 608 853
DEPOT 20
ROUTE : 306 913 1431 169 1561 108 52 366
ROUTE : 833 172 1330 983 1492 711 564
ROUTE : 280 874 291 1449 163 452 928 814 1158 1617
ROUTE : 1534 1544 1615 230 375 1391
ROUTE : 1133 1248
ROUTE : 1169 1075 990 1048 1227 73 1190 1468
ROUTE : 1498 58 456 691 258 416 556 1649 1519
ROUTE : 168 1112 1238 1713 1665 152 600 1055 428
ROUTE : 1242 74 481 1277 1159 824 1670
ROUTE : 219 999 801 1681
ROUTE : 441 1401 1636 900 1571 1038 1173
ROUTE : 1172 686 296 755 1213 888 197 595
ROUTE : 549 1648 221 1420 1327
ROUTE : 827 972 1310 360 1517 1717 551 839 468 1532 1429 1598 299
ROUTE : 1309 1731 1376 1085 1466 1438 1484 775 722 289 210 554 1490 1245 1071 357 1588
ROUTE : 1340 659 259 559 203
ROUTE : 862 1726 1576 889
ROUTE : 322 971 580 218 387 843 1303 912 1671 1312 1116
ROUTE : 424 359 828 328 724 1094 1632
ROUTE : 447 750 140 772 809 692 310 1410
ROUTE : 747 1276 1281 536 1059 816 1663 423
ROUTE : 334 1413 1459 1688 1668
ROUTE : 287 915 237 703 887
ROUTE : 1563 1421 1543 273
ROUTE : 467 451 1096 1082 1222 1196
ROUTE : 846 1626 364 1604 1156 702 977 44 1719 54
ROUTE : 363 771 1373 646
ROUTE : 736 1658 986 1241
ROUTE : 1411 82 1357 1265 1052 1365 166 1428 544
ROUTE : 515 1257 620 1084
ROUTE : 704 1643
ROUTE : 1032 1469
ROUTE : 1494 630 514 516
ROUTE : 1329 830 1652
ROUTE : 422 227 1113 1479
DEPOT 23
ROUTE : 444 671 223 1030
ROUTE : 1024 763 286 667
DEPOT 24
ROUTE : 1725 335 173 257 1696 849 1269 960 458 879 1386 128 890 749 922 106
ROUTE : 1317 1530 398 1412 869 193
ROUTE : 47 1422 723 1223 1163
ROUTE : 1185 80 1154 921 868 1461 215 674 503 1287 274 844 1247 937 1286 612 1415 353
ROUTE : 681 55 1397 414 489 832
ROUTE : 1345 1708 1368 519
ROUTE : 36 1305 652 909 1326 541 1416 689 1419 540 1237
ROUTE : 1577 367 1299 119 135 754 365 93
ROUTE : 440 498 1039 916 1342 1087 1478 379 1143
ROUTE : 63 182 543 418 260
ROUTE : 311 961 1715
ROUTE : 388 1177 1526 993 773 664 1640
ROUTE : 1377 355 787 83 1673
ROUTE : 1462 1599
ROUTE : 738 976 841 85 417
ROUTE : 380 979 1537 180 144 1383 609 57
ROUTE : 292 1592 919 1284 1630 370
ROUTE : 1315 1050 1199 1570 973 1339
ROUTE : 158 330 1583 1646
ROUTE : 482 391 376 1025
ROUTE : 1721 1634 1414 107 426 1349 984
ROUTE : 98 1580 910 1140 955 1166
ROUTE : 1040 645 1016
ROUTE : 666 1086 719 1100
ROUTE : 1356 1593
DEPOT 25
ROUTE : 88 350 780 958 1606 932 1547 1019 1171 557 1363 201
ROUTE : 1539 45
ROUTE : 1099 1240 337 845 1542 1351 1026
ROUTE : 1078 421 1558 383 635 1121
ROUTE : 1282 358 1179 1618 1633 778 241 243
ROUTE : 1679 1371 248 1367 1457 1533 165
ROUTE : 587 603 102 394 1507 1319 1635 1664 413 1423 1058 1211
ROUTE : 661 1645 805 170 1308 277 1612 987
ROUTE : 1601 1452 765 981 632 233 314 161
ROUTE : 975 567 819 396 654 1150 714 187 209 966
ROUTE : 995 202 94 490 1263 767 390 808 495 617 313 653 989 109 1022
ROUTE : 1430 1448 513 361
ROUTE : 860 1131 539 815 1350 930 552
ROUTE : 211 619 1079 1619
ROUTE : 1101 143 171 1524
ROUTE : 1114 308 1639 616 1208 312 199 76 1521 555
ROUTE : 895 103
ROUTE : 430 1346 154
ROUTE : 136
DEPOT 26
ROUTE : 524 1054 1186 683
ROUTE : 851 1108 1061 465 1021 813 1136 1722 1407 1685 1348 204 1337 682
ROUTE : 510 1306 1392 746 1587 1359
ROUTE : 822 963
DEPOT 27
ROUTE : 326 1270 1485 1550 272 647 643 397
ROUTE : 568 1417
ROUTE : 1261 798 1178 118
ROUTE : 1047 1703 382 1355 303 825 184 1437 349 1074 368 1313 867 1702 419 660 378 1280
ROUTE : 101 251 1384 290 124
ROUTE : 477 181 1288 1229 1117
ROUTE : 857 138 837
DEPOT 28
ROUTE : 1051 1406 1210 134 79 318 1482
ROUTE : 504 1450
ROUTE : 1195 1732 1232 1228 572 1514 254 876 1334 529 1496 637 1335 929 677 1193 1405
ROUTE : 100 1551 1311 115
ROUTE : 1659 1458 126 121 1000 965 1629 894 1381 285 1472 1141 706 1224
ROUTE : 959 1064 91 341 1610 748 1656 1380 1352 461 1152 905
ROUTE : 191 1451 1520 120 1572 403
ROUTE : 466 494 1206 284
ROUTE : 1088 740 791 1605
ROUTE : 1328 246 256 1650 560
ROUTE : 374 1230 1017 696 1591 866
DEPOT 29
ROUTE : 415 877 644 1589 475 1638 1654 1523 429 680
ROUTE : 1036 110 1402 1574 1566
ROUTE : 487 1500 1680 836
DEPOT 31
ROUTE : 576 1010 340 179 1568 725 1004 848 1007 509
ROUTE : 1684 548 613 1111 757 1226 293 638 1128 1694
ROUTE : 1235 636 908 384 1267 1183
ROUTE : 235 1027 534 1151 231 492 281
ROUTE : 920 294 1687 818 939
ROUTE : 1447 40 1165 1353 629 1009
ROUTE : 1001 964 1063 701 247 1501
ROUTE : 1637 785 86 137 1148 270 505
DEPOT 32
ROUTE : 1109 471 782 1323 460 622 1644 762 1677 530 142 710 1436 315 1586
EOF
