# instance=large_pathological
COST : 8372508.4500
DEPOTS_OPENED : 24
ROUTES : 286
DEPOT 2
ROUTE : 1653 1627 2178 1680 2525 1504 408 1000 2112
ROUTE : 438 2261 364 2078 857 791 669 1949 1376 2337 674 1440 494
ROUTE : 367 1983 665 643 1020
ROUTE : 109 1755 2372 1136 461
ROUTE : 1814 2334 140 354 1067 591
ROUTE : 1193 1409 526 2339 82 134 1377 545 2262 1710 305 1501 2150
ROUTE : 477 238 838 540
ROUTE : 2467 1745 1747 2051 1724 769 2015 2230 1387 429 2477 2277 1310 1194 327 553 142 825 1311 931
ROUTE : 204 1631 2504 702 1087 1077 422
ROUTE : 379 1431 1715 2437 773 1115 1079 219 1036
ROUTE : 1630 1443
ROUTE : 313 402 419 311 2160 1643 1364 959
ROUTE : 501 2422 2220 778 677 2249 1588 2528 1542 803 391 1687 1297 2400 2058
ROUTE : 1889 252 797 1120 876 700 1463 126 2083 1584 1901 680 1570 2207 678 2393 1989 2428 2136
ROUTE : 1575 1429 1554 1774 299 2446 433 128 1433 1761 1829 86 173 620 1362 229
ROUTE : 380 216 636 671 696 398 1636 2276 1152 1603 186 614
ROUTE : 1842 529 2252 1825 730 2394
ROUTE : 863 965 405 1254 1113 2296 2148 2102 1515 450 2352 1256 747 177 941 1821 1658
ROUTE : 1331 2242 2319 1884 1517 851 278 1452 221 755 891
ROUTE : 2135 1127 1066 961 1533 1237 1979 1197 511
ROUTE : 1075 1947 103 733 1477 588
ROUTE : 928 609 2239 1379 2380
ROUTE : 2336 1973 638 1315 184 1802 1307 844 1917
ROUTE : 63 504 1670 163 2171 2035 2505 2210 557 1972 785 1052 1141
ROUTE : 513 2185 2243 60
DEPOT 3
ROUTE : 610 1856 980 1032 1683 55 2374 1496
ROUTE : 2188 119 2526 885 1654 2344 1519 1357 205 1831 309
ROUTE : 2040 459 1083 2119
ROUTE : 570 2065 1035
ROUTE : 953 800 2365 1754 948 2050 281 1525 804 481 196 1611 1714 2154
ROUTE : 1216 621 2221 2516 1260 1094 1314 2399 1894 1346 424
ROUTE : 656 1827 675 1423 2495 2054 617 631
ROUTE : 1436 2313 1103 1879 302 1064 1340
ROUTE : 982 2194 874 1541
ROUTE : 420 2390 1512 395 672 2416 1368 2232 1524
ROUTE : 2021 543 1599 1275 48 254 1665
ROUTE : 2131 399 2087 1112
ROUTE : 329 1513 760 554 604 1177 2084 352 158 1285 383 1981
ROUTE : 1019 2531 57 798
ROUTE : 964 1333 538 1201 2103 1905 1903
ROUTE : 1833 2368 2049 1640 2474 1657 1046 133 2486 240 670
ROUTE : 996 1579 2341 1950 387
ROUTE : 2229 683 2257 1188 1691 1214 2020 1671 1186 116 807 2223
DEPOT 6
ROUTE : 1834 2106 293 1723 1556 2088 339
ROUTE : 814 1472 2442 2144 2423 326 1451 1764 237
ROUTE : 1943 673 1353 2019 1420 1617 1713
ROUTE : 1195 2191 386 2326 2489 1543 1830 1731 1664 612 397 1867 1184 2300 2056 1962 1920 2354 962 1294 524
ROUTE : 2085 740 2502 2213 446
ROUTE : 2095 263 1059 2180 1476
ROUTE : 499 704 2070 1422 990 1822 2343 1742 1043 1699
ROUTE : 1620 1505 633 1773 503 363 2473 1914 2255 969 2204 1223 862 255 2195 2295 1503 821 125 1644 697
ROUTE : 425 2251 2444 148 1688 1282 303 89 2459 1571 1397
ROUTE : 623 1086 175 1209
ROUTE : 479 860 686 1997 1727 2436 1750 258 2364 427 1760 1089 1970
DEPOT 7
ROUTE : 935 2026 1752 904 1514 1623 1900 1871 968
ROUTE : 752 243 1232 1412 877 1967 202
ROUTE : 1170 2253 482 1770 776 2305 970 2090 978
ROUTE : 1008 2346 1921 1003 1707 222 556 720 1320 734 2234 2164
ROUTE : 1790 1080 855 2190 283 794 861
ROUTE : 372 231 2237 1367 1971 276 1738 691 2126 1106 1718 853 1403 542
ROUTE : 2182 1290 1475 430 2025 850 2029 726 1074 1550
ROUTE : 572 1586 1811 1510 1293 637 2011
ROUTE : 1016 1590 1788 207 981
ROUTE : 2214 1055 396 2159 235 2222 1956 257 2038 569 437 1638 732
ROUTE : 2151 736 1988 1156 368 914 2481 334
ROUTE : 42 157 200 689 2199
ROUTE : 1565 613 423 2267 2235 932 764 1712 828 2497 1279 282
ROUTE : 1547 1846 197 1029 2485 817 1801 830 2173 322 2055 666
ROUTE : 1401 1916 1480 1911 845 275 1803 123 1220 786 1248 1502 549 1017 2031
ROUTE : 1296
ROUTE : 1132 2351 2439 279 644 827 129 544 1932
ROUTE : 2158 629 771 137 1659
ROUTE : 960 516 69 1495
ROUTE : 707 1410 826 1816 312 1908 936 388 2298
ROUTE : 2468 1484 2209 2513 841 994 712 1537 1999 2517 1196 2308 1858
ROUTE : 1100 1447 2271 1303 155 2005 869 500 1207 627 1854
ROUTE : 166 400 1891 375
ROUTE : 244 2415 206 341 1767 194 2514
ROUTE : 1881 1523 492 921
ROUTE : 1521 1370 2165 209 1647 1238 1604
DEPOT 8
ROUTE : 1329 598 2134 757 663
ROUTE : 1385 2121 893 406 1886 1137 337 1378 2066 765 1507 1689 1063 571 709 2286 2501
ROUTE : 2478 1392 2259 1553 249 1673 2435 1394 1414 1506
ROUTE : 1965 484 2186 1904 2522 1538 986 145
ROUTE : 507 1054 910 1489 1531 76 455 1427 2335 1621 454
ROUTE : 2167 2292 1024 2034 987 2289 1349 1843 2003
ROUTE : 567 1581 1418 185 225 1289 725 988
ROUTE : 929 1872 357 2115 2411 2340 49 1049 2240
ROUTE : 1446 1649 1703 2307 1993 756
ROUTE : 1576 2013 124 748 812 729 590
ROUTE : 213 2482 2401
DEPOT 10
ROUTE : 1887 2000 578 410 2177 1119 2388 353 872 1459 1498 2503 193
ROUTE : 2139 172 661 1278 287
ROUTE : 1271 1072 523 1133 2048
ROUTE : 1759 2279 1832 182 1432 1172 2231 465 2369 1347
ROUTE : 1034 220 1925 70 1200
ROUTE : 943 2192 2472 2027 1025
ROUTE : 1737 1557 2398 1625 628 708 1359 498
ROUTE : 667 1693 2282 325 1768 1535 1743 1942 1756
ROUTE : 616 2287 1308 100 799 298 143 1390 692
ROUTE : 1936 150 1215 809 805 102 2212 1028 1143 903 856 1696 1171 1650
ROUTE : 2118 2469 2228 2309 291 2145 1876 1882 1252
ROUTE : 1169 1555 1511 976 1078 1992 2089 2466 233 758 246
ROUTE : 933 2105 1053 835 1944 1158 1869 2153 1526 1634 315 546 1741 1564 533
ROUTE : 1481 154 262 1022 2269 1637 370 1011 1977 2157 2046
ROUTE : 1464 1910 606 361 226 2455
ROUTE : 586 431 1154 2057 1199 247 1595 1912
ROUTE : 286 858 890 355 138 810 2438
ROUTE : 1009 1994 2022 1318 236 2367 2448
ROUTE : 1612 599 2499 1796 1735 646 1163 1769 2310 1646 1807 2225 2247
ROUTE : 2092 453 502 2520 2412 2350 284 600 2496 940
ROUTE : 944 107 679 1165 1272 1532 1645 1726
ROUTE : 1085 1438 1490 2383 259 345 1709 2071
ROUTE : 1323 147 444 1004 442 483
DEPOT 12
ROUTE : 839 695 1509 1964
ROUTE : 532 2384 78 685 917 1695 1734
ROUTE : 1389 1369 2075 2355 2333
ROUTE : 1797 883 2184 2314 2218 1753 1578 1219 2047 1102
ROUTE : 601 1263 152 875
ROUTE : 1090 1408 995 2322 1915 1302 1355 1312 132 1092
ROUTE : 1145 1380 1240 2268 1572 151 2515 2099 1885 1948 894 77 1771 1030 1562 2464 539 1099
ROUTE : 2283 759 829 1667 2161 224 1786 1128 2172 136 2156
ROUTE : 2518 795 1372 1462 113 913 2028
DEPOT 15
ROUTE : 1058 1441 1893 347 1021 289 1047 2061
ROUTE : 180 1173 2079 859 2093 647 1097 1381 520 905 487 2155 106 1222 1473
ROUTE : 754 2327 1125 242 1678 2117 1246 1826 1228 1185
ROUTE : 2540 2316 2519 384 1413 1877 681 1613 1114
ROUTE : 1939 1795 2215 972 611 2420
ROUTE : 2405 1373 2419 1468 1852 1448 565 1190 1091 792 1225
ROUTE : 574 2392 2391 90 478 2260 1361 2356
ROUTE : 2434 1607 1719 2524
ROUTE : 738 1395 1701 1117 1880 1934 234
ROUTE : 1283 376 2176 864 87 2244
ROUTE : 2059 737 1606 1692 603 602 2379 448 2406 1286 1978 2347 668 2323
ROUTE : 2440 2317 66 690
DEPOT 16
ROUTE : 1500 1269 301 168 248 1407 630 1909
ROUTE : 1662 1157 2349 476 848 2297 2458 2133 2534
ROUTE : 277 195 1374 1896 1460 1445 1048 1700
ROUTE : 915 2430 332 176 2004 580
ROUTE : 801 1551 1813 1777 1350 1789 434 1493 88 1574 587 485 308
ROUTE : 1744 896 1580 1070 85 496 1450 2325
ROUTE : 1818 1415 1684 432
DEPOT 18
ROUTE : 551 2357 374 489 95 1146 1068 1065
ROUTE : 998 735 1866 1208 1499 314 2109 2016 1470
ROUTE : 1051 1343 1824 1416 2189 1402
ROUTE : 1466 1334 1838 1123 164 1817 340 1121 1566 1628 658 1174 1295 1652
ROUTE : 999 1800 517 2284 2487 622 1110 2142
ROUTE : 1164 2476 2081 1975 1763 2116 1488 421 2527
ROUTE : 2010 2452 271 2328 867 705 1345 2303 1328 718
ROUTE : 1061 223 1716
ROUTE : 1287 664 907 1717
ROUTE : 463 412 1107 939 1847 1366 1969 1280 1957
ROUTE : 1002 1539 1082 1454
DEPOT 20
ROUTE : 241 318 762 1139 2363 473 547 1661 2082
ROUTE : 2396 625 227 1698 1722 1108 530 831
ROUTE : 1081 562 866 854 365 1322 2387 451 2108 746
ROUTE : 2211 1116 1890 2429 1946 1840 2009 292
ROUTE : 2032 146 2076 722 1134 2407 1023 1568
ROUTE : 2264 568 320 2147 447 1708 1870 2197
ROUTE : 2338 958 2361 1527 2187 1469 2450 694 714 1342 1582 1135 772 64 922 615 2410 43 1952 1439 2193
ROUTE : 2330 120 1213 1457 2536 1192 1783 2509 1264 2425 739 1265 1168 1175 1706 1862
ROUTE : 1335 1300 2205 1231 2062 701 1961
ROUTE : 2507 731 711
ROUTE : 1288 1247 1874 99
DEPOT 21
ROUTE : 1217 2045 2128 583
ROUTE : 1479 350 169 2143 2465
ROUTE : 1809 938 822 768 819
ROUTE : 2449 1267 552 548 742 2137
ROUTE : 1239 1176 979 2386 2479 775
ROUTE : 1878
DEPOT 23
ROUTE : 882 1405 1857 1226 911 1933 653 1924 1386 2480 1899 1458
ROUTE : 2460 373 2169 149 324 1639 1931 1358 1259 2533 491
ROUTE : 2293 770 682 218 1996 2381 1151 662 2475 508 849
ROUTE : 1181 75 573 895 232 1968 984 1398 1668 1189
ROUTE : 1806 1935 515 1583 847 1991 816 2091 323
ROUTE : 2094 818 1602 1148 1597 1045 2202
ROUTE : 2491 456 462 328 80 2030
ROUTE : 93 506 1980 414 957 802 114 584 2217 449
ROUTE : 1444 2170 1321 925 514 208 897 1589 285 389 2506 634
ROUTE : 1798 2278 2414 161 428 50
ROUTE : 971 416 217 2097 1098 2431
ROUTE : 319 401 1274 751 2042 991
DEPOT 25
ROUTE : 1425 651 703 2245 1711 1262 2023 1284
ROUTE : 763 1563 495 2127 1076 1906 443 1897
ROUTE : 1129 879 898 1927 886 131 1682 710 648 1060 486 1859 1326 632 2198 1850 390
ROUTE : 472 951 1471 251 1529
ROUTE : 1057 536 290 394 878 796 1642
DEPOT 26
ROUTE : 1596 53 1474 1249 2250 288 1785 1954 2433 2382 635
ROUTE : 411 2304 1324 2120 518 2039 2072 902
ROUTE : 1919 782 2318 1781 2124 2324
DEPOT 29
ROUTE : 2273 2302 1336 1483 2443 1253 1766 2523 68 2226 1746
ROUTE : 527 926 1245 1549 144 575 1898 906 1685 2432 1101 2168 1721
ROUTE : 1007 415 525 2063 2248 250 1955
ROUTE : 1316 888 71 946 1849 1096 1681
ROUTE : 2163 558 1149 41 171 641 745 909 1313 528
ROUTE : 1559 2129 2006 165 2008 1998 1299 280 1341
ROUTE : 2280 1864 403 535 963 2321 2461
ROUTE : 1820 927 688 435 1730 639 1150 67 1292
ROUTE : 2441 823 1191 1913 1784 1958 2385 1010 1325 534 2166 2233
ROUTE : 1929 519 1391 834 1494 1736 1144 787 2086
ROUTE : 1371 266 1178 824 135 2454 1306 349
ROUTE : 2069 2077 1138 1577 1018 2329
ROUTE : 1960 1305 2402 167 56 1749 579 881 94 1951
ROUTE : 1486 1406 2181 706 409
ROUTE : 2263 1104 640 2258 188
ROUTE : 592 2362 1815
DEPOT 30
ROUTE : 1907 404 2332 1860 2132 1552 2456 1131 1875 1629 1775 2114 239
DEPOT 31
ROUTE : 813 1679 2007 344 1411 338 1455 780
ROUTE : 916 1482 1012 1073 654 2254
ROUTE : 1728 956 2174 724 2427 1027 1356 1291 846 474
ROUTE : 457 1111 1569 1187
ROUTE : 191 1765 269 1039 2535 272 2462 1705 1697 2208 1122 1941 2389
ROUTE : 1126 1159 189 270 983 1465 2104 832 1095 212 1221 753 1508 2306 2130 1918 1739 215 393 47 1276 1995 2493 1622 464 783 343
ROUTE : 2080 2498 1304 1544 541 2122 2014
ROUTE : 2200 1987 139 1792 1593 1540
ROUTE : 716 912 843 1618 1268
ROUTE : 371 493 1976 418
DEPOT 33
ROUTE : 1044 2096 1050 2098 1435 577 1733 274
ROUTE : 2206 1776 1363 1360 1729 1384 1330 537 2331 1062 806
ROUTE : 1660 2036 589 385
ROUTE : 413 1677 779 871
ROUTE : 295 2256 228 1984 1332 2152 1686 2403 2288 509 1841 992 2149 2532 1772
ROUTE : 335 1298 2201 2265 1069 392
ROUTE : 1261 1778 141 61 594 1963 937 884
ROUTE : 1088 811 2490 1985 597 1339
ROUTE : 566 2375 1853 1669 2370 974 1449 1516 321 183 1690 1417 2125 2311
ROUTE : 967 101 1491 1130 458 1430 750 1780 203
ROUTE : 1655 210 1382 1598 1251 62 2359 2290 1161 468 2353 1118 1851 2408 1005 1632 497 1142
ROUTE : 1056 2421 1548 1182 719 111 920
ROUTE : 766 652 382 952 743 317 564 788 1808 1928 2483
ROUTE : 865 2175 1281 115 1400
ROUTE : 684 1615 2424 1241 381 267 2315 1986 51
ROUTE : 1180 1424 659 2291 1591 582 1257 989 521 1704 211
ROUTE : 475 749 2453 1522 1828 360 693 436
ROUTE : 2373 1666 1757 316 2270 98 966 2060 306 605
ROUTE : 467 2002 2141 471 1536 918 2492 178 2413 945 1940 900 1338
ROUTE : 2510 2274 1204 358 2320 1327 2537 777 2409
ROUTE : 417 1242 174 1762 2017 2146
ROUTE : 1518 908 96 784 919 1863 1926 997 46 377
ROUTE : 2064
DEPOT 36
ROUTE : 1393 2012 118 407 1748 1202
ROUTE : 942 445 836 460 1166 561 488 2266 1140 1258 469 1026 199 2110 1530 359 563 1610 1234 65 1270 793 1782 127 2224
ROUTE : 887 264 108 122 2521 181
ROUTE : 2024 2241 214 2068 1804 342 187 1461
DEPOT 37
ROUTE : 595 2041 1865 1883 2044 1437
ROUTE : 1990 1656 2366 1456 2067 560 1001 1396 1227 901 2183
ROUTE : 201 1966 1573 1675 687 1624 268 72
DEPOT 38
ROUTE : 52 1426 296 1485 842 2508 2494 192
ROUTE : 170 873 555 73 1317 1663 2203 1467 91 84 2272 649 153 715 899 596 657 1155 230 162 1235
ROUTE : 1873 2348 441 190 1266
ROUTE : 892 1250 1567 1211 2378 522 2463
ROUTE : 490 1608 2162 1779 889 58 1520 2101 1354 1895
ROUTE : 624 110 1626 2275 1982 744 2484 304 297
DEPOT 39
ROUTE : 1819 2417 300 1868 1160 1587 924 45 1672
ROUTE : 2345 1399 333 2418 660 2312 1442 977 1823 993 179 1031 1720
ROUTE : 1945 531 608 727 1953 868 618 1641 253 2074
ROUTE : 245 1388 2457
ROUTE : 985 273 330 261 1071 2397 1203 2360
ROUTE : 1888 2395 1013 1751 2001 369 947 1635
DEPOT 40
ROUTE : 2236 1651 559 761 2376 1546
ROUTE : 741 97 1561 362 1434 2294
ROUTE : 2285 1042 1404 2511 949 1147 130 1600 1633 1277 79
ROUTE : 781 2299 774 92 1974 1930
ROUTE : 645 265 1273 576 1616 767 480 2301 1453
ROUTE : 81 1109 626 1609 1230 1922 815 2196 1309 950
ROUTE : 954 1218 331 121 294 2426 512 1534 2216 930
ROUTE : 1937 1740 1198 1006 717
ROUTE : 975 880 1210 2053
ROUTE : 2447 505 955 820 1212 2371 1805 1365 1033 117 426 550 2512 2529
ROUTE : 1810 2246 112 2488 1041
ROUTE : 2219 1183 870 1799 2377 1352 581
ROUTE : 676 1428 607 1014 1694 1585 1848 510
ROUTE : 1497 1205 1923 452 2538 2471 1732 2238
ROUTE : 439 1348 1528 1845 1301 346 104 1124 1255 2138
ROUTE : 1793 650 1319 728 74 2043 260 2445
ROUTE : 1835 1892 1594 585 1787 1487 2404 1421 1351
ROUTE : 2037 2539 1040 1844 1179 2033 1244 2052
ROUTE : 59 1015 356 1674 336 1167 1229 2227 2342 723 1959 808 470 105 833 1105 2500 721 2451 923 351 310
ROUTE : 1233 307 698 1614 642 1558 973 348 1375 1725 1619 1084 1224 2179
ROUTE : 1605 1855 1601 1419 655 2358 1243 83 2123 378 2107 1592 713 1492 1938 789 366 466 1383
ROUTE : 1902 440 198 1344 54 840 2281 852 2111 1093
ROUTE : 1812 156 1836 2100
ROUTE : 1337 1478 2140 1758 2073 159 593 1038
ROUTE : 2018 2530 44 2113 160 1839 1560 1153 256 1206
ROUTE : 1794 699 934 1037 1236 1861
ROUTE : 1648 2470 1162 790 1676 1545 1791 619 1837 1702 837
EOF
