# instance=medium_asym_vehicle_binding
COST : 71253.2900
DEPOTS_OPENED : 25
ROUTES : 144
DEPOT 1
ROUTE : 671 776 850 199 696
ROUTE : 360 491 126 232 857
ROUTE : 730 238 272 878 747 83 348
ROUTE : 870 694 146 547 288
ROUTE : 693 714 546 151 518 375 293
ROUTE : 437 421 571 316 901
ROUTE : 158 253 839 37 816 54
ROUTE : 770 118 596 851 669
ROUTE : 460 621 70 713 330 591
DEPOT 2
ROUTE : 187 31 337 784 114 62 774 705 912
ROUTE : 542 735 815 904 154
ROUTE : 842 474 587 89 258
ROUTE : 628 666 552 564 434 806 148
ROUTE : 923 267 366 412 836
ROUTE : 743 179 121 793 173 607 59 305
ROUTE : 828 382 498 56 413 726
DEPOT 3
ROUTE : 733 161 34 782 246
ROUTE : 393 219 909 352 804
ROUTE : 376 463 354 612 72 481 221 597
ROUTE : 553 191 344 65 845
ROUTE : 100 334 145 231 902 797 46
ROUTE : 336 519 609 210 462 707
DEPOT 4
ROUTE : 58 755 889 425 897 64
ROUTE : 835 178 384 88 554 123
ROUTE : 280 807 523 263 634 450
ROUTE : 721 594 212 494 90 677 848 377 558
ROUTE : 913 289 353 549 243 767 725
ROUTE : 244 855 664 69
DEPOT 5
ROUTE : 331 142 608 618
ROUTE : 680 760 574 291 500 918 754
ROUTE : 104 561 33 110
ROUTE : 768 530 240 826 201
ROUTE : 302 268 326 406 452 503 633 363 359
ROUTE : 800 51 509 250 880
DEPOT 6
ROUTE : 215 822 483 224 582 625
ROUTE : 213 615 228 818 658 405
ROUTE : 515 314 496 525 635 739 129 223
ROUTE : 840 391 278 856 841 646
ROUTE : 762 303 143 890 156 131 706
ROUTE : 674 560 378 374 44 876 775
ROUTE : 424 364 172 86 234 371 532 137 112
DEPOT 7
ROUTE : 320 599 927 534 67
ROUTE : 339 469 751 520 682 171 77 575 399
ROUTE : 636 643 335 135 60 688 727
ROUTE : 55 390 216 859 286 905
ROUTE : 595 52 396 772 616
DEPOT 8
ROUTE : 589 598 507 738 602 255 606 766
ROUTE : 392 773 716 709 493
ROUTE : 785 734 808 798 265 543 684 566
ROUTE : 812 159 152 402 418 477
DEPOT 10
ROUTE : 386 651 753 251 282 274 630
ROUTE : 49 795 66 867 431 619 436 322
ROUTE : 787 613 85 430 204 830 604 183
ROUTE : 536 640 861 449 428
ROUTE : 877 652 269 581
DEPOT 11
ROUTE : 833 894 473
ROUTE : 91 803 422 236 68
ROUTE : 914 32 310 644 370
ROUTE : 470 287 736 497 586 513 403
DEPOT 12
ROUTE : 915 562 786 292 665 275 328 846
ROUTE : 297 324 43 222
ROUTE : 82 837 526 356 919 516
ROUTE : 211 834 570 501 189 75 427 843
ROUTE : 692 453 505 74 732 139 200 741
DEPOT 13
ROUTE : 642 723 227 446 133 794 614
ROUTE : 600 205 903 333 113
ROUTE : 47 259 168 307 233 435 540
ROUTE : 891 388 345 565 710 892 237 718
ROUTE : 109 420 367 455 438 108
ROUTE : 556 414 313 423 155
ROUTE : 650 809 868 679 408 175
DEPOT 15
ROUTE : 722 39 702 539
ROUTE : 73 559 576 140 368 749
ROUTE : 261 397 673 814 277
ROUTE : 573 921 332 517 510
DEPOT 17
ROUTE : 528 385 415 569
ROUTE : 170 655 744 482 911 742
ROUTE : 752 756 38 48 810 346
ROUTE : 527 895 637 182 119 788 197
DEPOT 18
ROUTE : 42 50 30 887 279 432 883
ROUTE : 208 193 124 98 136
ROUTE : 281 247 512 624 395 657
ROUTE : 226 678 580 849 888 254
DEPOT 19
ROUTE : 381 654 711 771 683
ROUTE : 551 611 832 577 383 922 433
ROUTE : 447 457 184 700 271 467
ROUTE : 779 458 444 380 866
ROUTE : 185 84 480 401 819 285 29 106
ROUTE : 398 620 347 164 667 487
DEPOT 20
ROUTE : 230 731 466 169 409 464
ROUTE : 180 893 656 186 81
ROUTE : 312 872 476 300
ROUTE : 214 80 350 149 813 557 192
DEPOT 21
ROUTE : 40 740 102 99 443 196
ROUTE : 323 715 176 147 578 522 260 506
ROUTE : 220 871 134 485 357 881
ROUTE : 769 862 488 765 703 603
DEPOT 22
ROUTE : 791 521 92 440 239 555 504 389 87 781
ROUTE : 290 873 858 917 309 167
ROUTE : 863 304 459 407 379
ROUTE : 796 879 93 448
DEPOT 23
ROUTE : 764 758 266 157 687 188
ROUTE : 284 454 299 763 824 698 699 924
ROUTE : 750 369 641 276 478 439 373 456
ROUTE : 163 854 94 789 719 499
ROUTE : 358 61 111 746 617 319 860
DEPOT 24
ROUTE : 757 572 417 792 686
ROUTE : 761 349 882 708 116 130 122 343 41
ROUTE : 821 365 342 588 298 853
ROUTE : 103 71 107 340 245
ROUTE : 647 127 36 720 76
ROUTE : 78 256 811 777 695 626
ROUTE : 160 623 475 101 325 663 318
ROUTE : 296 295 321 248 174 805 729 125
ROUTE : 592 181 351 649
ROUTE : 138 207 362 712 194 550 264 241
ROUTE : 341 661 410 544 728 242 568
DEPOT 25
ROUTE : 283 486 672
ROUTE : 579 869 153 511 645
ROUTE : 701 875 631 563 273 675
ROUTE : 57 471 538 668 825 141
ROUTE : 584 838 355 217 209 262 294 829
ROUTE : 329 419 844 229 717 387 45 361 394
ROUTE : 920 235 308 257 802 202 451
DEPOT 26
ROUTE : 489 629 445 865 115 801 724 529 585
ROUTE : 537 648 916 531 632
ROUTE : 132 907 128 697 317 429 105
ROUTE : 601 737 852 545 759 484 704
DEPOT 27
ROUTE : 900 691 203 249 745 195 622 514
ROUTE : 495 535 896 783 627 590 206
ROUTE : 198 252 662 120 306 96
ROUTE : 847 593 676 928 338 502 659
ROUTE : 416 885 660 63 670
ROUTE : 925 610 778 53 79 827 97
DEPOT 28
ROUTE : 898 372 301 906 472 441
ROUTE : 820 685 681 492 411 780 465 605 524
ROUTE : 886 567 442 864 490 690 653 166
ROUTE : 461 311 327 468 150
ROUTE : 583 190 541 508 218 910
ROUTE : 35 926 884 404
ROUTE : 270 790 831 225 874 177 823
ROUTE : 817 639 689 400 638 479 315
ROUTE : 162 908 899 548 165
ROUTE : 533 799 426 95 117 748 144
EOF
