# instance=medium_loose_a
COST : 54647.2700
DEPOTS_OPENED : 11
ROUTES : 111
DEPOT 1
ROUTE : 499 308 199 451
ROUTE : 271 212 140 391 303
ROUTE : 35 561 150 599
ROUTE : 597 313 235 311 546 179
ROUTE : 578 529 459 106 348
DEPOT 2
ROUTE : 362 223 458 79 585 267 346
ROUTE : 601 253 325 498 545
ROUTE : 175 209 342 239 461 42
ROUTE : 323 204 590 45 488 421
ROUTE : 615 420 598 217 492 71 242 136 115
ROUTE : 161 464 110 215 171
ROUTE : 220 260 65 307 59 519 292
ROUTE : 257 353 266 276 302
ROUTE : 158 142 347 466 440 63 167 338
ROUTE : 211 513 244 509 49 327 518
ROUTE : 326 85 474 372
DEPOT 3
ROUTE : 339 574 564 157 184 607
ROUTE : 156 349 531 162 134
ROUTE : 480 523 516 378 356 555
ROUTE : 485 537 345 272
ROUTE : 306 169 310 278 341 514 31 577
ROUTE : 172 532 60 122 164 449
ROUTE : 213 290 198 472 377
ROUTE : 188
DEPOT 4
ROUTE : 273 486 96 602 246
ROUTE : 57 238 26 446 321
ROUTE : 504 467 261 315 329 295 255 102
ROUTE : 322 335 178 397 432 286 411 190
ROUTE : 399 186 403 247 101 548
ROUTE : 81 154 410 40
ROUTE : 277 566 470 476 80
ROUTE : 522 196 200 248 528 433
ROUTE : 182 30
ROUTE : 95 132 170 112
ROUTE : 98 72 100 318
ROUTE : 616 370 512 66 463 337
DEPOT 5
ROUTE : 582 83 236 94 177
ROUTE : 43 304 74 224 139
ROUTE : 571 262 392 560
ROUTE : 563 373 496 32
ROUTE : 300 384 452 130 387 371 573
ROUTE : 193 205 542 75 55
ROUTE : 232 491 390 88 525 460 611 552
DEPOT 7
ROUTE : 614 64 144 280 237
ROUTE : 352 591 534 127 360 520
ROUTE : 222 317 543 256 581 553
ROUTE : 554 121 473 436 350
ROUTE : 160 544 511 275 270
ROUTE : 152 471 87 456 28 252 379
ROUTE : 225 23 330 465 129
ROUTE : 251 358 319 61 201 426
ROUTE : 427 380 583 108 588 332 469
ROUTE : 383 604 288 118 595
ROUTE : 450 334 375 557 494 606
ROUTE : 409 281 569 589 568 431
ROUTE : 93 107 159 400 138
ROUTE : 401 558 539 218 422
ROUTE : 117 21 228 124 367 305
ROUTE : 293 503 412 309
ROUTE : 82 559 206
ROUTE : 363 287 36 301 419 243
ROUTE : 333 283 453 394
ROUTE : 415 92 579 314
ROUTE : 567 618 254 580 425 269
ROUTE : 202 299 439 551 613 105
ROUTE : 575 250 501
DEPOT 8
ROUTE : 428 50 365 67 376 524
ROUTE : 33 285 216 366 610
ROUTE : 393 609 141 457
ROUTE : 495 116 174 475 562
ROUTE : 396 289 123 135
ROUTE : 86 187 279 355 538 592
ROUTE : 104 441 22 619 406 483 221 424
ROUTE : 434 226 478 438 128
ROUTE : 462 418 111 219
DEPOT 9
ROUTE : 148 165 194 594 263
ROUTE : 44 24 413 596
ROUTE : 477 600 39 48 587 423 77
ROUTE : 151 593 328 617 444
ROUTE : 53 109 324 402 265
ROUTE : 417 91 608 58 442 62
ROUTE : 47 603 576 336 163 541 357 429
DEPOT 11
ROUTE : 25 395 515 203 146 70
ROUTE : 381 510 51 584 443 189
ROUTE : 612 294 29 210 586 479
ROUTE : 468 343 230 340
ROUTE : 245 408 505 153 259
ROUTE : 143 176 41 103 145
ROUTE : 565 78 550 398 506
ROUTE : 133 125 297 120 173 521
ROUTE : 364 274 481 448 89 208
ROUTE : 76 493 351 487
ROUTE : 484 131 296 241 90 404 227
DEPOT 13
ROUTE : 231 445 84 385
ROUTE : 508 527 37 197
ROUTE : 414 361 149 572 536 316
ROUTE : 416 113 298 114 502 570
ROUTE : 284 54 540 388
DEPOT 17
ROUTE : 517 282 605 52 168 181 497
ROUTE : 447 185 99 435 183
ROUTE : 407 46 249 331 34 68 455
ROUTE : 258 549 69 73
ROUTE : 430 533 147 195 268 166 234
ROUTE : 535 233 119 192
ROUTE : 126 369 389 507
ROUTE : 374 214 490 437 454
ROUTE : 489 500 354 547 180 207
ROUTE : 482 137 27 56 530
ROUTE : 556 229 368 312 191
ROUTE : 382 526 240 344 320 405 620 386
ROUTE : 359 38 291 97 155 264
EOF
