# instance=large_moderate_c
COST : 8524390.6900
DEPOTS_OPENED : 29
ROUTES : 359
DEPOT 1
ROUTE : 1776 2093 557 1113 1945 123 139
ROUTE : 2490 168 2415 1474 894 2252 257 495
ROUTE : 1722 497 2024 1759 849
ROUTE : 1765 924 1152 1817 89 301
ROUTE : 1138 1356 1964 1580 2157 2296
ROUTE : 1185 1304 2249 318 1139 270 670 564 329 618
ROUTE : 2404 1910 2058 693 686 297 552 1091
ROUTE : 850 421 2258 859 164 48 1729
ROUTE : 2158 82 1949 934 369 590 1754 538
ROUTE : 2507 2499 126 1697 1760 2421 2477 2382
DEPOT 2
ROUTE : 2069 2367 955 157 1721 287
ROUTE : 1317 804 400 1636 1150
ROUTE : 1682 1732 1102 2162 63 1442 1602
ROUTE : 42 2059 809 532 453 889 1446 2516 2423
ROUTE : 565 654 875 1846 2310 1163
ROUTE : 1494 352 1071 1556 1738
ROUTE : 518 1890 2129 1491 841 812 561
ROUTE : 397 1380 2540 1410 874 607 1248 462
ROUTE : 1456 422 309 659 647 2347 537 2307 1795 1957
DEPOT 3
ROUTE : 240 1541 1484 1978 777 2276
ROUTE : 1533 64 2429 1927 1595 631
ROUTE : 2501 1319 1074 310 1020 1871
ROUTE : 953 1085 2530 980 2103 2260 1944 1836 811
ROUTE : 1566 595 326 444 2461
ROUTE : 1532 2348 919 412 2111 320 575 1629
ROUTE : 761 2408 2492 2489 378 143 1436 1644 1724 1838 1791
ROUTE : 2399 1929 65 1316 914 2374 138
ROUTE : 2303 1437 1199 1430 2257 558 2426
ROUTE : 1353 2255 928 1111 627 1379
ROUTE : 1011 1001 1052 574 348 2216 862 2419
ROUTE : 2305 1726 448 1290 2263
ROUTE : 1833 839 1397 445 539 651 2274
ROUTE : 1867 1196 2389 1299 2372
ROUTE : 531 692 336 974 379 471
ROUTE : 1320 239 864 469 1857 1961 602
ROUTE : 1919 2484 2139 1464 1276 977 869 1058 2040
ROUTE : 830 2010 341 972 237 1860
ROUTE : 1749 814 970 1915 763 1209
ROUTE : 1790 465 789 1692 2212
DEPOT 4
ROUTE : 1884 2233 890 2130 801 780
ROUTE : 2327 1855 1432 1238 1632
ROUTE : 1687 43 1630 2395 2375 2236 1065 1421 750 284 2125 683
ROUTE : 740 1435 360 2156 2524 1770 2360 449 2140 402
ROUTE : 2447 1457 215 2119 1858 523
ROUTE : 2300 2009 2313 2030 1201 1415 2244 563
ROUTE : 2047 1128 1394 1866 592
DEPOT 5
ROUTE : 550 1402 359 1875 368 1121
ROUTE : 2175 2309 1115 1578 201 1069
ROUTE : 966 1800 486 441 180 2377 2177
DEPOT 7
ROUTE : 103 374 731 59 1083 99
ROUTE : 1090 1959 1471 1554 2214 1364 753 950
ROUTE : 1501 962 1391 1158 280 298 1062
ROUTE : 1960 797 2384 1482 2462
ROUTE : 2359 1863 1655 337 1808
ROUTE : 1538 228 334 999 2518 1656 2001 1779
ROUTE : 717 489 172 2181 2474 678 1837
ROUTE : 1451 993 455 1572 128 169
DEPOT 8
ROUTE : 698 2039 895 1009 2446
ROUTE : 1613 960 1177 583 2387 603 1012
ROUTE : 391 2460 1264 1585 224 536
ROUTE : 648 1403 2198 2115 921 1743
ROUTE : 1648 2031 1598 856 1240 387
ROUTE : 2345 1157 1651 1639 1670 1225 945
ROUTE : 1131 417 2150 1679 111
ROUTE : 2133 935 340 1154 2440 1175 154
ROUTE : 484 1552 942 1018 1182
ROUTE : 884 1926 2376 569 1326
ROUTE : 2041 851 2018 1797 879 1672 2467
ROUTE : 161 877 1235 1226 2450
ROUTE : 1587 2268 1099 443 819 331 1586 1345 1237
DEPOT 9
ROUTE : 1618 1963 738 2322 1940 1989 1956
ROUTE : 2006 844 1661 2240 1205 246
DEPOT 12
ROUTE : 1455 1244 529 2364 330 1094
ROUTE : 1079 2100 1295 388 1614 1827
ROUTE : 2205 1826 702 657 1024 845 1879
ROUTE : 2121 84 2379 485 93 1877 514 982
DEPOT 14
ROUTE : 577 2098 888 481 949 620 729 450 779 1526
ROUTE : 2324 860 1823 1382 1281 2500 832
ROUTE : 927 2325 2392 264 2202 1333 986 1591
ROUTE : 296 1689 2066 2094 275 1998 933 2242 1243
ROUTE : 199 2118 636 918 424 101 1652 1911
ROUTE : 2369 1701 1583 794 917 2193 608 109
ROUTE : 848 1647 2053 222 502 49
ROUTE : 534 2088 1127 1420 1698 1081
ROUTE : 1676 931 2292 492 1512 2494 85
ROUTE : 2471 219 2497 265 909 1812 2068
ROUTE : 732 913 649 2285 198
ROUTE : 90 808 1096 967 825 774 535 1097 1298
ROUTE : 606 2482 376 1936 1525 1709 2317 599
ROUTE : 302 1543 165 2410 1550
ROUTE : 939 2056 562 53 614 1098 1385
ROUTE : 2262 2420 204 1208 381 1260
ROUTE : 2405 733 1908 2519 420 371 243 1343
ROUTE : 694 1497 1034 553 1509 1249 1778 517 893 2206
ROUTE : 327 554 1256 1755 1496
DEPOT 16
ROUTE : 1603 2506 1195 1144 1132 1581 1801
ROUTE : 1559 2431 1720 2287 1984 102 2413 2466
ROUTE : 46 189 589 188 1255 1621 2208 1388
ROUTE : 1832 1073 1300 1746 976 1447 1359 2465 2469 634
ROUTE : 944 2402 276 1123 2002 501 2468
ROUTE : 1416 1045 437 2361 2076 2091 2487
ROUTE : 1943 408 2197 70 1426 1937 2449
ROUTE : 1434 1596 1112 1807 1810 1006
ROUTE : 2028 2488 2144 920 155 551
ROUTE : 1793 1920 1707 1650 2105 681 160 2089 1107 2441
ROUTE : 1323 207 290 652 1853 1847
ROUTE : 802 886 1775 1404 156
ROUTE : 1213 112 2186 1997 1653 2237
ROUTE : 2346 289 1740 1270 615 259 1708 2003
ROUTE : 835 957 1592 778 923 1686 1165
ROUTE : 2131 610 1773 2301 1986 1104 60
ROUTE : 303 433 193 768 1187 1869
ROUTE : 1044 987 1700 1334 785 2117 1513 1523 353 339
ROUTE : 1654 961 512 1789 655 77 247 1116 325 1748
ROUTE : 1137 1340 181 2042 826 2442 2190 1565
ROUTE : 218 1004 1273 2265 1528 1173 2472 149
ROUTE : 447 460 1400 1285 2210 1594
ROUTE : 200 1939 1570 1666 827 2319
ROUTE : 1529 543 1706 510 1624 291 260 1475 1061 1322 1277
ROUTE : 1339 555 269 1851 775 1186
ROUTE : 846 55 905 2113 1553 671 106
ROUTE : 1859 912 1043 834 1443
ROUTE : 423 1716 2075 1303 650 2473
ROUTE : 1423 470 2070 1206 990 2226 857 1611
ROUTE : 836 1768 285 2201 1854
ROUTE : 1170 1917 313 1916 2439 2503 217 1486 822
ROUTE : 899 907 2165 1745 202 94 2354
ROUTE : 208 1660 1739 2438 1046 238 1487 2185 2365 1690
ROUTE : 2065 998 2334 817
DEPOT 17
ROUTE : 1203 2231 1376 926 2187 687
ROUTE : 1534 1951 2207 119 1900 2464 672
ROUTE : 1028 2295 1601 245 1567 153 293
ROUTE : 2063 697 2029 1925 2277 104 1966 365 983
ROUTE : 807 1377 150 1064 231 734
ROUTE : 704 1459 386 87 114 1987 2196 708 216
ROUTE : 1719 1114 609 1228 392 1742 163 1820
ROUTE : 2463 438 57 2422 508 1169
ROUTE : 2433 1313 436 622 2211 1297
DEPOT 18
ROUTE : 805 792 1886 2169 2224 1167 979
ROUTE : 1822 2247 795 749 80 1272 187 1912 1769 1335 2148
ROUTE : 1060 304 195 2032 91 306 1084
ROUTE : 1895 2280 2050 640 1985 1431 1153 2188 2218
ROUTE : 2537 2448 2333 586 1811
ROUTE : 411 2318 1597 2272 1741
ROUTE : 1500 1271 1725 1406 1843 1286 1641 1562 292 625
DEPOT 19
ROUTE : 2504 2161 1891 1395 1338 1106
ROUTE : 1292 1042 1461 113 1982
ROUTE : 194 1577 892 1211 1712 1928 2378 1803 2498 2062
ROUTE : 1608 349 1606 1100 1599 76 1643
ROUTE : 225 1897 213 643 1819 2444
ROUTE : 2086 1327 1274 660 675 409 493 646 673
ROUTE : 401 591 667 746 548 167 2330
ROUTE : 1905 1821 1282 1040 1134 459 2264 1029 2486
ROUTE : 2155 799 2480 1849 790 737 741
ROUTE : 2459 2097 311 478 2526 1988 847 2082 75 2012
ROUTE : 1176 1041 1736 1994 230 300 2403
ROUTE : 1413 712 1407 995 1306 1089 2314
ROUTE : 1970 507 435 638 179 2406 261
DEPOT 20
ROUTE : 251 262 1190 1840 345 1691 500
ROUTE : 1626 2454 1631 1582 1664 828 1374
ROUTE : 1896 1767 1727 2159 513 684
ROUTE : 1548 759 1558 1310 483
ROUTE : 1934 1288 1673 798 2048 2409 2455 2104
DEPOT 21
ROUTE : 978 1813 533 1035 666 2046
ROUTE : 854 2357 74 2411 333 1070 1784 1976
ROUTE : 1250 1483 274 771 1013 1231
ROUTE : 787 1171 1122 1551 806 319 1950 1214 351
DEPOT 22
ROUTE : 324 322 968 1117 938 175 162
ROUTE : 1481 1774 385 1503 2331
ROUTE : 515 232 1536 2470 115
ROUTE : 490 544 50 133 2189 2513 223 1294
ROUTE : 2457 540 585 1889 866 511 1831
ROUTE : 1524 1384 858 2349 1241 1627 762 677 1737
ROUTE : 1418 2398 1027 2495 2522 2120 473 1259 171 1372
ROUTE : 617 1476 241 1378 885 680 1952
ROUTE : 1907 1445 2483 2106 2194 2176 1095
ROUTE : 981 1373 416 418 1609 1824 598 1172
ROUTE : 2316 766 1350 855 685 776 2315 887 870
ROUTE : 363 1017 2122 2427 428 51
ROUTE : 1136 1870 108 958 1025 1050 1756
ROUTE : 2535 1352 205 1193 696 1411
ROUTE : 1662 2485 375 2179 1021 2154 865 1968 2199 1309
ROUTE : 1077 1514 867 367 2045 1174 244
ROUTE : 347 2443 1422 1764 211 267 658 2195
ROUTE : 482 690 1032 1215 2134 1125
ROUTE : 2011 1278 414 764 800 1162 1557 723 134 1000
ROUTE : 1130 350 772 373 466 665 166 1056
ROUTE : 1023 818 1771 1180 135 2529 1874
ROUTE : 1680 1387 1669 1981 1408 2353
ROUTE : 1537 1155 2005 2004 1505 2052 1522 266 268
ROUTE : 2323 1393 452 1016 1731 596 271 1005 406
ROUTE : 1589 2035 2396 1620 1031 344 1947 1516
ROUTE : 1088 1569 1412 61 1039 1318 904
ROUTE : 2532 1126 1188 1178 2458 2508 1168 1192
ROUTE : 1665 1674 1480 132 2215 491 504 2114 1530 1914
ROUTE : 984 72 342 1893 2299 2436 2352
ROUTE : 1229 242 69 1637 929
ROUTE : 769 2496 2151 432 956 410 1063
ROUTE : 915 389 86 1247 1312 1573
ROUTE : 1678 941 1417 328 1452 2225 2014
ROUTE : 1223 1194 1349 2509 413 940 1498 2293
ROUTE : 2521 2204 1468 1930 1143
ROUTE : 2341 1198 2282 2220 1189 2182 1441
ROUTE : 403 898 1642 1635 1140 425
ROUTE : 1845 2087 2370 1983 321 1289
ROUTE : 431 1508 716 1242 377
ROUTE : 2388 1200 2385 2132 1841 1076 1401 1470
ROUTE : 305 1922 2102 2135 1204 908
ROUTE : 1072 1962 1506 1075 2019 721 427 2183
ROUTE : 567 1251 1723 1067 121
ROUTE : 644 1365 1979 588 277 283 527
ROUTE : 426 2515 852 873 2250 653 1301
ROUTE : 131 891 2358 1901 1995 2525
ROUTE : 1617 1681 1913 1030 1495 2239 1757
DEPOT 24
ROUTE : 2234 1473 2435 1703 948 623
ROUTE : 1019 2057 1371 66 628 2026 2116
ROUTE : 173 71 600 1396 1711
DEPOT 25
ROUTE : 338 1315 1521 1055 604 751 458 2079 127
ROUTE : 2078 281 152 1109 1948 2172 1490 110 1331
ROUTE : 1291 405 1881 1750 1852 1571
ROUTE : 1368 308 2143 383 1151 1337 1220
ROUTE : 250 105 582 1221 2147 1492 2259 2213 1799
ROUTE : 1699 824 1008 1202 332 1974 206 1429 903 1967
ROUTE : 129 1472 1933 294 364 1245 454
ROUTE : 1941 2270 728 457 1284
ROUTE : 2502 559 1504 916 2523 2074 1450 2219 475
ROUTE : 1718 1217 316 1616 170
DEPOT 27
ROUTE : 1809 1485 2067 1342 1839 1835 474 2520
DEPOT 28
ROUTE : 398 2232 1026 96 209
ROUTE : 67 1148 395 2475 2092 2241
ROUTE : 1593 1149 1628 1161
ROUTE : 853 1992 2167 88 1539
ROUTE : 357 1751 900 1561 1883
DEPOT 29
ROUTE : 1222 1110 1405 2362 745 1814
ROUTE : 2000 2414 1321 2539 2424 183 288 148
ROUTE : 571 1246 556 1409
ROUTE : 2243 718 1302 796 2229 748
ROUTE : 1828 1398 2141 503
ROUTE : 2171 703 829 1086 248 516 994
ROUTE : 1467 1545 221 1993 594 2251
ROUTE : 1975 946 1293 1366 2416 1307 965
ROUTE : 2095 1546 1082 1007 273
ROUTE : 1657 1454 1815 1036 1796 2368 930 2380 1747 1704 2145
ROUTE : 821 1279 1156 1645 619 522 2493 1207 1465
ROUTE : 1694 587 380 1181
ROUTE : 2371 136 964 971 2107
ROUTE : 1234 1671 2337 151 54 58 1311 100
ROUTE : 593 1575 2109 1014 560 2453
DEPOT 30
ROUTE : 2180 1924 1972 1103 1439 633 2279
ROUTE : 78 878 98 1977 1667 773 2238
ROUTE : 210 1958 1179 1649 419 621 323
ROUTE : 758 1763 190 1579 1329 252 335
ROUTE : 1383 547 1479 2136 1758 969 203
ROUTE : 286 2217 1357 2020 725 959
ROUTE : 382 781 370 2401 1783 236 2051
ROUTE : 1850 1786 2090 1022 1267 1844 1965 2256 1253 2112 254 570
ROUTE : 1607 192 2428 1145 1802 1502 272
ROUTE : 2311 1973 107 1227 356 1351
ROUTE : 2168 2366 584 952 278 1584
ROUTE : 521 709 2491 1287 1695 1633 494 2430
ROUTE : 519 396 178 883 542 2163 743 1488 2080 2146
ROUTE : 868 446 1540 1236 1761 1453 813 2407
ROUTE : 1146 227 1942 1386 472 668
ROUTE : 1129 2339 2386 2437 524 279 1124 1728 1252
ROUTE : 2275 1314 439 2394 1980 1766
ROUTE : 97 1862 937 688 863 1996 2008 212
ROUTE : 630 140 1999 656 1625
ROUTE : 1619 689 2269 1444 314
ROUTE : 2064 810 2391 499 2037 1531 2164 783 2025
ROUTE : 2099 1744 520 1141 2254 1449 2451 2393
ROUTE : 1066 2298 1419 2321 343 2417 922
ROUTE : 833 185 1015 1087 1938 92 1517 317 1702 2223
ROUTE : 2505 2350 415 496
ROUTE : 2022 2084 996 2073 315 1466
ROUTE : 2273 1715 1923 611 1693 1268
ROUTE : 256 1370 747 1358 1623 1876 2283
ROUTE : 233 1068 1362 597 498 910 1762 1816 1899 372 1460 1830
ROUTE : 2184 2248 184 1829 528 2400 1254 2174 505
ROUTE : 727 2228 2085 1872 393 820 214 68 2278
ROUTE : 2355 871 2222 2166 1935
ROUTE : 2432 1477 2514 1381 1184 1120
ROUTE : 354 1710 1119 355 1135 1873
ROUTE : 1369 2108 130 2170 1133 1375 579
ROUTE : 358 407 1424 1308 196 2412 1798 2294 312 1212 2245
ROUTE : 2200 1360 1230 1640 1048 1904
ROUTE : 1903 601 1705 566 752 911 2340 541
ROUTE : 2512 41 1794 1549 2138 2456 549 1590 399
ROUTE : 1233 2160 861 1330 2036 2373
ROUTE : 530 1555 1668 843 735 1781 1191
ROUTE : 2027 1261 896 1659 2297
ROUTE : 2007 2434 2178 1347 1164 1902 997 726 2142 2286 701
ROUTE : 720 1825 1346 2478 744 755
ROUTE : 1675 1478 2511 1265 1463 1515
ROUTE : 1080 1564 840 1954 662 1600 2124
ROUTE : 81 1848 1108 626 641 2418 784 1049
ROUTE : 756 1918 2016 1105 1717 116 362 1991
ROUTE : 770 1733 1527 2015
ROUTE : 572 2284 710 943 1348
ROUTE : 581 1425 1610 2397 613 2291 2425 2230 664 442
ROUTE : 661 2101 125 2123 2306 235 722
ROUTE : 1147 815 1047 2060 1990 754
ROUTE : 2149 258 2235 95 1864 1663 122 1166 1782 872
ROUTE : 682 1093 1037 2023 295 479 1433
ROUTE : 1010 1861 635 467 1688 2043
DEPOT 32
ROUTE : 2533 1684 2077 2479 1842
ROUTE : 145 2481 629 1955 1361 2517 2531
ROUTE : 1909 2061 253 739 487 2332 1057 568
ROUTE : 699 2320 902 45 461 1806
ROUTE : 897 440 2017 1520 174 1574
DEPOT 33
ROUTE : 2476 947 624 2335 137 1931 249
ROUTE : 975 182 954 1448 1856 147 2071 1780
ROUTE : 47 2356 1458 546 2013 2246
DEPOT 34
ROUTE : 390 1544 1787 2304 1868 1563 1493 2033
ROUTE : 1932 1341 2336 1946 1604 1788
ROUTE : 476 793 1363 1101
ROUTE : 991 765 989 1399 901 2209 1328
ROUTE : 1216 1355 1685 1921 730 1033 1059
ROUTE : 2308 1159 1953 1002 616 1275 816 404
ROUTE : 234 700 176 838 177 1898
ROUTE : 1283 1332 124 1777 1638 1576
ROUTE : 695 573 2126 1634 642 430
ROUTE : 1887 468 831 2110 299 1878 715 973 2267
ROUTE : 1560 1677 142 346 736
ROUTE : 456
ROUTE : 786 1367 2253 434 1615 2034 120 963 706 2055
ROUTE : 1183 1772 1266 1785 1324 925 713 44
ROUTE : 2381 1696 580 936 464 226 1568
DEPOT 38
ROUTE : 988 1280 361 2338 366
ROUTE : 2266 1969 1210 1263 1735
ROUTE : 2312 1038 612 1805 509 1489 1142 1519 691
ROUTE : 2536 637 2081 2363 1269 1438
DEPOT 39
ROUTE : 2153 2261 1003 1054 2527 1389
ROUTE : 1605 1714 56 985 1906 1344 1753
ROUTE : 1440 2288 1888 1894
ROUTE : 2038 803 2152 2072 263 1658
ROUTE : 1507 1218 714 429 1734
ROUTE : 639 1646 679 480 1892 906
ROUTE : 1818 52 1804 663 1535 2302
ROUTE : 2329 1078 2452 141 451 525 1622 1885 837
ROUTE : 2203 1414 2328 2290 951 705 1051 757
ROUTE : 2445 1542 1053 1258 576 1392 2534 669
ROUTE : 1427 1305 62 1499 2128 1518
ROUTE : 782 1262 719 1683 876 2351
ROUTE : 545 1792 676 2044 282 1224 1232 229 2049
ROUTE : 1511 83 823 1713 2538 880
ROUTE : 1880 307 2083 645 1428 255 526 1612 605 2528
ROUTE : 191 707 2271 882 1257 1510
ROUTE : 146 760 1730 791 2127 488
ROUTE : 1296 158 1092 118 1469
ROUTE : 1390 2227 842 742 117 578
ROUTE : 1752 2192 2289 2342 186 463 711 992
ROUTE : 1865 2510 1118 2326 394 2343 1239
ROUTE : 767 79 2281 632 1325 2383
ROUTE : 1219 1971 220 674 197
ROUTE : 477 932 1834 159 384
ROUTE : 1462 144 1882 1336 724 2390
DEPOT 40
ROUTE : 1547 2021 788 1197 881 506 1160 2344
ROUTE : 1354 73 2173 1588 2054
ROUTE : 2137 2191 2096 2221
EOF
