# instance=large_asym_depot_binding
COST : 9092653.1900
DEPOTS_OPENED : 31
ROUTES : 303
DEPOT 1
ROUTE : 386 466 617 2048 436 236 1042
DEPOT 2
ROUTE : 684 648 1758 451 228 379 763
ROUTE : 1123 685 929 1823 880 506 1743
ROUTE : 622 477 2161 305 1675 262
ROUTE : 484 979 1420 290 1088 46
ROUTE : 769 1102 2086 1588 788 1405
ROUTE : 1841 913 2176 663 575 1035 824 158 1362
ROUTE : 2004 1768 1724 1670 2076 85 1140
ROUTE : 1030 333 1218 1895 1077 677 427
ROUTE : 104 690 74 666 1771 1584 1862 1214
ROUTE : 1053 206 687 1237 1706 2081
ROUTE : 541 1132 594 1470 145 101 1430 2187 1374 2162
ROUTE : 1271 1985 505 1948 937 2223 1020 1028 187
ROUTE : 735 480 351 963 2174 400 1438 847
ROUTE : 1714 1920 354 1657 2204 623 1076
ROUTE : 1764 479 1145 265 1945
ROUTE : 269 1347 406 2219 149 1421 2098 116 1875
ROUTE : 1608 343 1798 1027 862 151 2229 1400
ROUTE : 432 986 178 509 1064 789
ROUTE : 453 167 1195 128 434 1468 1547 99 1296
ROUTE : 2055 798 720 1959 2222 1502 2169 840
ROUTE : 1410 2208 168 2143 437 186 198 58
DEPOT 5
ROUTE : 2160 928 945 843
ROUTE : 146 1832 2157 108 1040
ROUTE : 871 1109 1566
DEPOT 7
ROUTE : 358 1014 715 689 1883 256 1569
ROUTE : 286 1882 694 2121 1791 1745 486
ROUTE : 1451 742 908 2201 1118 1860
ROUTE : 1056 93 163 277 1735 201 2020 1846
ROUTE : 69 2069 592 1544 1238 1834 534 250 895
ROUTE : 1084 1348 2032 450 417 1005 1178
ROUTE : 1338 959 1793 794 777 1207 2153
ROUTE : 688 593 944 645 779 1323 282
ROUTE : 326 449 1486 382 886 894 1625
ROUTE : 1443 403 1674 1032 1350 2101 1215 1311
ROUTE : 1187 586 772 416 405 1987 1203 999
ROUTE : 473 1595 2205 628 502 102 1970
ROUTE : 1418 1935 1426 1850 1568 1851 733 1580 1357
ROUTE : 1552 2146 751 1736 2114 1080
ROUTE : 140 1573 1656 595 767 1781 803 1565 1244
ROUTE : 581 1695 1917 582 291 1585 1342 1488 1900
ROUTE : 1979 1696 431 1814 374 1201 2226 210
ROUTE : 1240 732 1921 1854 1465
ROUTE : 932 1632 1004 197 2095 59 554 713
ROUTE : 1114 752 216 832 1727 193 117 1847
ROUTE : 498 511 2203 1683 123 1256 264 998
ROUTE : 287 538 135 76 976 1528
ROUTE : 661 1955 766 1166
DEPOT 8
ROUTE : 47 387 1059 1561 994 448 355
ROUTE : 1493 887 2102 1136 1911 2003
ROUTE : 1540 533 540 771 1664 1269 1227 1319 103 2039
ROUTE : 1624 189 1655 110 1369 1622 1542 2096 1752
ROUTE : 411 1134 2232 1393 1038 1564 229 2167
ROUTE : 879 1636 603 530 367
DEPOT 9
ROUTE : 475 1761 1946 1611 1384 743 188 1120
ROUTE : 1055 1411 749 1351 1964 271 501 1377
DEPOT 10
ROUTE : 512 1507 465 1843 315 1800 1667 2049
ROUTE : 1901 1333 1877
ROUTE : 1184 268 1007 1789 755 452 612 1257
ROUTE : 1262 1762 2165 837 896 858
ROUTE : 2183 2024 665 1100 1601 302 1780 1167 294
ROUTE : 2041 454 1784 60 872 2175 846 2018
ROUTE : 1872 1742 1074 1682 1903 297 1616
ROUTE : 1068 1492 492 166 1515 651 1673 2030
ROUTE : 1011 1363 883 1571 2070
ROUTE : 1739 1241 1845 1133 1619 483 1378
ROUTE : 499 1111 823 1052 63 1950
ROUTE : 497 191 957 922 566 2022 1388 1191 1467
ROUTE : 672 1973 975 1652 620 948 2078 709 1639
ROUTE : 1121 1538 1008 1062 226 2192 1612 597
ROUTE : 119 1437 56 1756 1699 521 1774 2137
ROUTE : 1975 528 1744 98 1560 1090 414
ROUTE : 2202 1022 1836 1491 1644
ROUTE : 1842 716 1249 667 1425 1169 1372
ROUTE : 273 1308 2198 1534 1031 364
ROUTE : 1260 242 322 336 1704 1723 792 730 970
ROUTE : 700 1529 1113 955 1591 2197 1757 323
ROUTE : 878 958 329 79 934 72
ROUTE : 1848 377 217 543 1794 118 139
ROUTE : 70 415 1963 2083 977 344 385 1869
ROUTE : 2193 537 1892 439 162 1593 604 870
ROUTE : 584 353 1480 1397 691 2216 227 770 2053
ROUTE : 2166 363 1160 1216 1666 802 1049 562 141
ROUTE : 438 681 1576 1637 1722 313
ROUTE : 1676 1523 1107 2180 600 1399 1634
ROUTE : 760 848 493 1649 1808 147 1717 301 1776
ROUTE : 1718 905 1510 1428 1971 2059 308 1694
ROUTE : 659 863 768 893 641 1765 2014 1295
ROUTE : 900 873 951 489 131 535 1893
ROUTE : 888 563 2006 1650 1057 2173 1835 1281
ROUTE : 1185 580 1116 2109 850 325
DEPOT 11
ROUTE : 357 619 1844 2207 831
ROUTE : 144 447 1294 1871 1778 2206
ROUTE : 1772 2145 753 1239 821 258
DEPOT 12
ROUTE : 1292 114 522 384 2122 1234 1198
ROUTE : 1969 142 37 676 213 1545 1060 1710 631
ROUTE : 1524 860 1995 876 1856 718
ROUTE : 903 2139 1125 2105 1314 1047 2009 1067
DEPOT 13
ROUTE : 1600 1813 1500 1222 1459 49 1398 1833 1890
ROUTE : 1454 865 1344 1526 1458 935
ROUTE : 320 827 153 568 421 45
ROUTE : 2199 441 95 557 463 1070
ROUTE : 574 165 550 1175 1677 1539 1849 1863
ROUTE : 1391 990 859 275 2023 1726 2129 1106
ROUTE : 585 43 1422 591 920 1284 1910 956 703 274 532 113
ROUTE : 1578 1157 1702 1332 1933 1461 855 890 1857
ROUTE : 1681 231 126 433 1385 1044 596 1518 443
ROUTE : 1375 822 927 161 365
ROUTE : 2164 1907 222 2159 401 223
ROUTE : 1760 2214 1365 864 1177 1577 1339 1272
ROUTE : 1503 1423 1383 2227 1859 148 68 1648
ROUTE : 2148 1429 1103 961 1960 632 472
DEPOT 14
ROUTE : 1952 2092 698 517 295 177
ROUTE : 1414 1484 747 395 806 626 2135
ROUTE : 1401 1343 780 985 867
ROUTE : 762 2228 65 1174 1731 1305 234
ROUTE : 925 813 649 1016 1923 1122 1575
ROUTE : 157 2119 369 241 1740 2031
ROUTE : 2012 402 2110 636 1226 2063 875
ROUTE : 2051 1977 1594 679 717 1192 1368 825 89 1499
ROUTE : 425 1635 616 765 1943 1617 737 1506
ROUTE : 1446 1646 1613 2196 613 644 1288
ROUTE : 966 404 252 577 1048 739 86
ROUTE : 1034 2108 87 1273 125 851 1887 972
ROUTE : 420 1886 1811 614 1599 1766 1112
ROUTE : 1804 1105 171 77 1017 409
ROUTE : 55 97 1928 143 1815 1786 1927 1999
ROUTE : 1819 1307 1255 1873 2117 889
DEPOT 15
ROUTE : 650 1690 1647 1746 761 552 983 965 938
ROUTE : 800 92 496 2016 1715 2134 1466
ROUTE : 796 544 1898 462 1807 1231 328
ROUTE : 2103 701 1219 1073 1633
ROUTE : 2185 96 1829
ROUTE : 352 487 1253 1549 1063 653 1626
DEPOT 16
ROUTE : 940 1550 629 2074 1623
ROUTE : 910 1698 2195 1730 233 1148 1516 238
ROUTE : 1152 1232 1251 1908 2066 1147
DEPOT 18
ROUTE : 1981 1354 1487 2177 491 1264 1304 1874
ROUTE : 199 1361 2136 1472 804 915 881 1469
ROUTE : 1904 869 1930 655 776
ROUTE : 1867 2225 1471 1983 349 1206 773 736
ROUTE : 726 408 1572 1394 1992 1312 445 1290
ROUTE : 797 930 260 1159 1620 2230 704 1331 1221
ROUTE : 428 1355 460 1897 602 1803
ROUTE : 758 642 71 1498 576
DEPOT 19
ROUTE : 380 1078 1788 2184 1557 341 1444 2085
ROUTE : 1479 54 549 1990 2019 469 503
ROUTE : 923 267 1447 332 812 1101 1081 1025
ROUTE : 1787 1018 1824 309 1687 705 2064
ROUTE : 842 1513 1688 518 818 1988 1228
ROUTE : 174 1663 1672 599 1182
DEPOT 20
ROUTE : 746 1605 389 1659 107
ROUTE : 1263 202 1154 1274 952 993 1750 731
ROUTE : 1119 2040 39 1753 558 293 912 1660 64
ROUTE : 504 1250 783 654 1324 1356 1709
ROUTE : 209 1180 412 2072 2140
ROUTE : 1494 1335 805 722 757 2034 1072 699 459 214 682
ROUTE : 1551 907 109 1462 1435 1199 1143 1013
ROUTE : 1720 1941 793 2005 120 988 370 1913 1041 1412
ROUTE : 891 2151 1942 375 173 989 132 106 478
ROUTE : 124 1376 83 547 211 1460 1562
ROUTE : 318 270 1894 2132 911 734 482 1407 1870
ROUTE : 2002 1334 392 1172 1303 1997 572 885 203
ROUTE : 390 1773 624 1477 1317 137
ROUTE : 1902 368 1700 2050 1866 1448 398
ROUTE : 1685 1965 738 1151 1359 1131 319 1638 618
ROUTE : 1003 1124 1409 1258 1734 2107 2071 1556
ROUTE : 902 307 710 200 996 2163 1083 1537 1197 1453
ROUTE : 1242 844 633 1416 317 1065
ROUTE : 1785 973 111 723 877 947 754 801 1099
ROUTE : 474 1092 1144 1066 1282 1328
DEPOT 21
ROUTE : 1402 1408 1899 41
ROUTE : 1821 152 892 62 725 1413 962 1252
ROUTE : 1661 2099 1473 545 1396
ROUTE : 1905 1163 1879 1797 1589 1441 719 1130
ROUTE : 815 494 1939 551 1801 1138 1419
ROUTE : 1984 1517 2104 348 2150 997 1770 2094 2190 611
ROUTE : 1782 1212 75 1161 1403 2127 2178
ROUTE : 1229 36 1865 2131 488 899 330 914 971
DEPOT 22
ROUTE : 627 1721
DEPOT 23
ROUTE : 1521 1701 1442 335 1998
ROUTE : 1684 1179 1225 978 678 430 304 536 2235 2218
ROUTE : 1716 182 1755 1932 1691 1058 995 1173
ROUTE : 1036 587 245 215 1504 1929 1110 1802 2062
ROUTE : 1627 1340 1449 2217 1607 347 1266 1037
ROUTE : 1431 399 1631 1918 608 799 2130
ROUTE : 192 457 662 2028 1527 1725 933
ROUTE : 819 1839 423 1188 874 2008
ROUTE : 1478 1553 1341 334 194 1705 359
ROUTE : 669 225 2234 2001 1812 1536 2056 246 2231 830
DEPOT 24
ROUTE : 346 1476 67 1858 950
DEPOT 25
ROUTE : 1496 637 707 1822 782 2220
ROUTE : 1202 671 310 741 388 1330 247 1924
ROUTE : 643 916 1254 589 514 1367 1213 1300 240
ROUTE : 1912 2156 1880 73 373 180 513
ROUTE : 1820 943 289 1194 1189
ROUTE : 2144 2097 1949 816 1474 567 337
ROUTE : 1204 2042 366 284 516 2038 429
ROUTE : 91 750 1532 2035 791 1075
ROUTE : 1889 1954 2058 1799 921 1679 1139 212
ROUTE : 2191 778 559 1280 164 2046 1747
ROUTE : 296 1196 218 809 527 1006
ROUTE : 675 906 1916 1267 1168 1091 371 1371 1318 1671
ROUTE : 1958 646 1245 1297 1712 828 2021
ROUTE : 1728 647 2057 185 1610 1976 90 78
ROUTE : 1579 2026 686 2210 1098 339 2045
ROUTE : 1643 80 1434 1326 664 941 2171 1830
ROUTE : 917 100 774 1445 561 1621 2181
ROUTE : 261 729 1668 696 1530 1796 981 861
ROUTE : 183 674 1896 1009 660 1555
ROUTE : 253 790 2015 1117 154 2124 1968 1925 2011 2061 285 292
ROUTE : 372 257 1054 94 1596 1519 849 786
ROUTE : 53 845 1291 1953 764 1039 278 324 224 1914
ROUTE : 1818 2044 1926 150 1427 1511 1658 2123 1991 419
ROUTE : 2116 1082 2170 1211 2211 1097 2033 495 2113
ROUTE : 1590 1268 693 321 1602 1563 458 531 1581
ROUTE : 1662 467 721 2189 838 1763
ROUTE : 1316 1386 2120 853
ROUTE : 1936 394 1559 697 1142 1223 205 939
ROUTE : 546 1247 1548 1777 1509 179 960
ROUTE : 1790 1885 2182 1302 2188
DEPOT 26
ROUTE : 1190 1287 784 2149 1395 1071 901 331
ROUTE : 311 48 1162 974 1181 1881 2029 1505 1456 1531
ROUTE : 279 904 1246 829 1653 748 839 1919
ROUTE : 204 1606 1336 1501 1974 826
ROUTE : 1996 288 1738 1279
ROUTE : 410 2200 1366 787
ROUTE : 249 314 1108 1158 1210 1938
ROUTE : 968 1208 196 1337
DEPOT 27
ROUTE : 1289 1490 1558 1769 810 1628 1692 2209 1349
ROUTE : 836 1748 1164
ROUTE : 299 508 280 1424
DEPOT 28
ROUTE : 283 657 695 785 583 266 170 1826 1051 1146 1522 2106 133
ROUTE : 2133 1831 1733 468 1535
ROUTE : 795 2158 897 1640 2091 898
ROUTE : 1693 1855 220 1224 1137
DEPOT 29
ROUTE : 1301 1220 456 1243 1358 555 2017 122 1235 2025
ROUTE : 2125 1128 1713 1931 1597 159 1497
ROUTE : 982 1127 1853 949 345 1961 1909
ROUTE : 160 105 1937 2215 2077 856 1353
ROUTE : 442 1741 1293 1024 1381 1729 2084 926
ROUTE : 259 1150 756 1816 1085 744
DEPOT 30
ROUTE : 1026 1217 1852 1012 1922 1464 638 658
ROUTE : 181 1278 255 1135 2154 1838 542 1457
ROUTE : 340 1982 88 1582 683 2052 235 2224
ROUTE : 807 84 1089 2088 1876
ROUTE : 1322 1327 2155 1352 1379
ROUTE : 1019 1489 1346 1618 312 195 1986
ROUTE : 1481 1861 635 1046 127 413 1592 361
ROUTE : 1310 1440 571 1129 1708 230 2142 702 1450
ROUTE : 1283 1878 2027 1541 2112 1604 136 1000 303
ROUTE : 680 556 1452 356 1306 52 461 396
DEPOT 31
ROUTE : 1230 1309 1387 634 121 1259 40
ROUTE : 1233 219 820 1115
ROUTE : 835 435 1087 984 560 2111 1149 946 500
ROUTE : 548 515 1455 184 992 360 1141 1436 1840
ROUTE : 61 969 1967 2172 1520 2047 519
ROUTE : 362 854 759 808 1940 2233 251 1805
ROUTE : 833 1615 991
ROUTE : 1751 426 248 1993 1483 1828 1707 2087
ROUTE : 2152 590 817 1315 1525
DEPOT 32
ROUTE : 1697 598 1543 1200 2212 529 281 2179 924 1265 1837
ROUTE : 609 1126 327 1514 814 391 1061 668 1276
ROUTE : 811 471 1737 525 221 1951 1433 579 2090 1439
ROUTE : 1236 711 38 175 1915 254 2080 834
ROUTE : 418 44 1732 570 1583 1329 112 1587 919
ROUTE : 639 1994 376 1906 1809 1415 523 1285
ROUTE : 781 1533 1754 82 455 1165 172
ROUTE : 507 1277 306 882 724 1934 446 1475
ROUTE : 841 237 1512 625 481 1978 588 1021 2068
ROUTE : 967 565 606 630 1001 440
ROUTE : 1888 1069 1868 1095 2100 2194 2093 510
ROUTE : 524 708 1380 1261 138 605 243 57
ROUTE : 1104 621 673 1389 2138 2073 2221 1891 1043
ROUTE : 1463 2168 2118 407 1795 1392 2067
ROUTE : 2186 573 1641 692 1792 1689
ROUTE : 350 1079 129 1669
DEPOT 33
ROUTE : 1321 444 1495 670 1651 272 263 1508 2013
ROUTE : 1957 298 615 2065 1390 490 1299
ROUTE : 1817 2141 1806 1171 652 2079
ROUTE : 130 1029 1045 1827 1574 857 1406
ROUTE : 1093 1810 1325 1567 2115
DEPOT 34
ROUTE : 485 656 424 775 176 1086 2147 1630
ROUTE : 1382 1678 1360 1884 2126 2010 81 745 2054
ROUTE : 706 1944 728 1665 539 342 1629 316 564
ROUTE : 134 2089 1270 2043 2036 381 239
ROUTE : 1209 1170 1096 1193 1156 936 1205 422 244
ROUTE : 578 1155 338 1825 1864
ROUTE : 1554 866 1345 169 610 520 980 1603 601 1404
ROUTE : 1248 155 300 1759 2007 1313 909 1645 1719 1749
ROUTE : 553 50 190 1989 1947
ROUTE : 208 1972 1485 1586 1703 1966 852
ROUTE : 1956 1598 953 714 276
ROUTE : 954 884 1432 1364 942
ROUTE : 740 476 156 1010 640 1417 868 1050
ROUTE : 397 1711 727
ROUTE : 1767 1373 1094 1980 383 42
ROUTE : 2082 1002 1482 931 1614 1775 1642 1176 232 1275
ROUTE : 378 393 1023 964 1033 1609 51 1686 2000
ROUTE : 207 464 1015 1546 526 66 1962 1783
ROUTE : 2213 2060 470 2075 1298 115
ROUTE : 2037 2128 1680 1153 1370 918
DEPOT 35
ROUTE : 1183 987 1570 569 712 1320 607 1779 1186 1286 1654
EOF
