# instance=medium_tight_b
COST : 71232.3900
DEPOTS_OPENED : 26
ROUTES : 138
DEPOT 1
ROUTE : 505 862 977 983 867 292 575 744 988
ROUTE : 467 437 226 54 91 841 1018 962
ROUTE : 606 152 878 79 805 423 763 110 833 851
ROUTE : 339 247 528 885 503 518
DEPOT 2
ROUTE : 523 349 394 940 595 207 888 887 774
ROUTE : 965 569 1025 935 460 559 556 999 952
ROUTE : 83 330 607 501
DEPOT 3
ROUTE : 338 456 244 393 189 535 56 166 87 143 992
ROUTE : 261 1021 344 602 85 1013
ROUTE : 273 66 668 399 995 476 821 353
DEPOT 4
ROUTE : 195 47 320
ROUTE : 472 661 147 102 644 752
ROUTE : 397 486 131 1007 704 420
DEPOT 5
ROUTE : 396 36 959 649 218
ROUTE : 499 605 903 594 341 616 775
ROUTE : 272 729 868 537 180 765 990
ROUTE : 613 319 494 657 398 859 171 572 355 715 463
ROUTE : 251 814 984 484 736 253
DEPOT 6
ROUTE : 819 743 981 526 510 231 517
ROUTE : 427 958 705 275 928 677 544 117 375
ROUTE : 937 504 769 141 234 787 411 200
ROUTE : 145 436 879 434
DEPOT 7
ROUTE : 142 48 193 312 154 695 855
ROUTE : 509 1003 801 826 532 406
ROUTE : 850 735 894 950 118 681
ROUTE : 529 725 214 721 932 667 186 373 916
ROUTE : 1001 839 843 255 754 122
ROUTE : 902 337 810 327 996 455 750 687
ROUTE : 416 907 933 363 334 479
ROUTE : 265 311 440 328 387 1011 49 561 944 144
ROUTE : 938 235 978 790 707 906
ROUTE : 804 314 332 262 408 609 653 343 148
ROUTE : 252 213 32 31 160 802 158 608
DEPOT 8
ROUTE : 250 877 491 991 162
ROUTE : 578 496 450 80 812 225 78 488
ROUTE : 919 466 593 383 448 815 666
ROUTE : 520 872 469 612 1022 931
ROUTE : 732 792 934 627 603 909 487 134 598 125 728
ROUTE : 849 72 342 309 555 611 947 799 202 852 44
DEPOT 9
ROUTE : 45 107 808 346 119
ROUTE : 169 890 123 37 209 642
ROUTE : 534 830 964 596 137 1017 84 527 276 465
DEPOT 10
ROUTE : 41 945 794 960 748 685
ROUTE : 884 149 900 286 835 76 631 980
ROUTE : 1014 773 875 579 663 670
ROUTE : 762 1010 99 871 138 371 359
ROUTE : 306 194 710 257 673 52 711
ROUTE : 530 267 522 807 759 1019 167 777
DEPOT 11
ROUTE : 513 88 435 643 175 806 647 820 165 652 43 82 730
ROUTE : 689 489 274 691 873 73 899 112
DEPOT 12
ROUTE : 557 241 230 415 824 966
ROUTE : 853 740 400 930 568 492 181 187 915 364
ROUTE : 630 1009 836 459 848 254 403 239
ROUTE : 212 192 101 150 574 1008 847 636
ROUTE : 570 321 905 997 540 816 176 317 129
ROUTE : 536 351 414 857 196 405 580 716 654 679 886
ROUTE : 422 368 688 157 865 1028 316 238 315
ROUTE : 106 659 184 664 63 34 883 547
DEPOT 13
ROUTE : 863 901 617 976 345 920 766 390
ROUTE : 860 378 553 198 634
ROUTE : 827 124 658 706 228 410 468
ROUTE : 236 582 895 889 767 974 380 864 369
ROUTE : 581 204 737 111 842
DEPOT 16
ROUTE : 432 639 104 109 908 521
ROUTE : 284 1023 258 648 248 1029 279 793 291 64
ROUTE : 55 918 712 718 439 108 502 927
ROUTE : 874 726 302 438 482 324 490
DEPOT 17
ROUTE : 485 322 62 219 717 645 546 240 844
ROUTE : 914 756 136 789 832
ROUTE : 260 924 761 227 898 586 969 336
ROUTE : 516 1000 770 379 822
ROUTE : 454 374 876 838 372 296
ROUTE : 942 577 1006 755 97 772
ROUTE : 694 784 615 854 282 295 39 709
ROUTE : 89 828 880 94 768 323 811 58
DEPOT 18
ROUTE : 308 541 116 702 861 447 441 703 584 498 210
ROUTE : 985 641 714 948 788 442 477
ROUTE : 601 428 571 692 256
ROUTE : 105 132 803 457 758
ROUTE : 68 40 278 95
DEPOT 19
ROUTE : 672 177 831 53 471 216 690
ROUTE : 388 511 946 892 552 682
ROUTE : 280 697 1020 269 896 392 741 146
ROUTE : 33 188 610 1005 404
ROUTE : 401 936 961 191 953 684
ROUTE : 470 121 970 114 270 480 675 1026 967
DEPOT 22
ROUTE : 159 669 638 224 205 745 781 266 809
ROUTE : 120 318 913 1004 746 223 170 929 818 829
ROUTE : 478 637 548 381 911 294 650 331 206 554
ROUTE : 229 500 289 943 357 747 277
ROUTE : 382 533 678 127 599 473 325 300
ROUTE : 719 917 621 217 425 624 583 696
ROUTE : 614 620 1027 115 288 313 507 81
ROUTE : 567 283 683 419 778 70 299
ROUTE : 264 563 592 155 215 259 783 377 287
ROUTE : 656 376 925 164 866 565
ROUTE : 335 232 823 671 424 590 211 297 263
ROUTE : 168 418 893 585 760 891 452
DEPOT 23
ROUTE : 512 433 71 979 646
ROUTE : 825 957 506 352 42 674 713 407 700
ROUTE : 628 431 443 881 955 923
ROUTE : 305 340 281 629 462 333 722 779
ROUTE : 632 174 701 797 551 413 749
ROUTE : 753 183 782 734 834 791 795
ROUTE : 524 543 989 412 208 93 519
DEPOT 24
ROUTE : 1015 46 954 623 1016 271
ROUTE : 389 391 897 67 77 384 178
ROUTE : 61 130 708 246 197 972 813 135
ROUTE : 367 356 968 301 233 285 780
ROUTE : 549 693 347 310 840
ROUTE : 362 975 366 994 493 430 539 151 446 307
DEPOT 25
ROUTE : 660 542 444 751 508
ROUTE : 348 100 249 910 243
ROUTE : 771 776 786 293 201 74 699 1012 449
ROUTE : 573 386 550 69 445 329
ROUTE : 686 651 290 98 576 161 220 665
DEPOT 26
ROUTE : 676 354 662 727 242 525
ROUTE : 733 963 395 941 625
ROUTE : 221 50 385 303 361
ROUTE : 475 757 742 163 96
ROUTE : 939 951 869 199 59 538 558
ROUTE : 600 190 153 982 856 956 75
ROUTE : 421 298 38 922 370 912
DEPOT 27
ROUTE : 870 451 35 635 474 515 640 51
ROUTE : 326 971 350 426 796
ROUTE : 156 90 453 949 402 268 591 173
ROUTE : 618 622 987 562 1024 360 57 720
ROUTE : 800 179 358 103 785 237
ROUTE : 655 858 986 86 764 140 731 92 626 172 973
ROUTE : 738 458 560 222 304 698 633
DEPOT 28
ROUTE : 60 587 429 464 1030 65 998
ROUTE : 545 604 182 128 139 481
ROUTE : 680 566 837 904 113 365
DEPOT 29
ROUTE : 1002 126 724 185 846 619 417 921 133
ROUTE : 203
ROUTE : 564 798 588 589 817 531 495
DEPOT 30
ROUTE : 483 926 245 461
ROUTE : 409 882 723 597 845 497 993 739 514
EOF
