# instance=medium_tight_a
COST : 66424.5300
DEPOTS_OPENED : 23
ROUTES : 124
DEPOT 1
ROUTE : 620 157 287 398 761 613 506 769
ROUTE : 625 543 551 467 253 301
ROUTE : 388 533 673 494 96 123
ROUTE : 329 294 528 146 222
ROUTE : 308 778 774 89 164 457 542
ROUTE : 182 351 385 720 703
ROUTE : 245 644 593 438 462 583 52
DEPOT 2
ROUTE : 750 66 184 124 606 699
ROUTE : 636 573 102 408 140 538
ROUTE : 515 733 516 378 481 755 783
ROUTE : 373 386 527 142 318 238 472 258 204
ROUTE : 451 88 268 659 33 577
DEPOT 3
ROUTE : 254 368 804 454 621 262 42 326 340
ROUTE : 259 662 554 224
ROUTE : 236 815 759 471 35 705 800 739
ROUTE : 787 817 469 396 125 355 31
ROUTE : 812 312 371 721 362 170
ROUTE : 404 714 773 726 255
DEPOT 4
ROUTE : 531 332 345 794 286 111 365 785 81 139
ROUTE : 657 220 217 807 65 653 131 260
ROUTE : 541 230 119 82 154
ROUTE : 72 101 611 792
ROUTE : 380 631 566 643 713 684 760 605 305 514
DEPOT 5
ROUTE : 560 363 574 571 381 264
ROUTE : 427 412 482 279 377 127 399 582 177 105
ROUTE : 228 745 43 272 199 730 249
ROUTE : 196 285 132 545 641 649
ROUTE : 734 757 446 161 474 202
ROUTE : 614 349 147 356 770
ROUTE : 609 452 383 229 511
DEPOT 6
ROUTE : 223 191 724 592 459
ROUTE : 693 97 322 433
ROUTE : 135 803 500 57 495 647 390
ROUTE : 646 464 201 594 751
ROUTE : 532 330 700 153 813 109 437
DEPOT 7
ROUTE : 413 309 671 116 818 765 27
ROUTE : 811 354 176 552 557 738 392 491 460
ROUTE : 501 87 578 94 152 231
ROUTE : 569 128 51 173 117 84 432 546
DEPOT 8
ROUTE : 666 479 328 696 288 429 91
ROUTE : 512 777
ROUTE : 597 764 652 489 503 810 465 588
ROUTE : 150 409 406 504 270 558 686 298 530 640
DEPOT 10
ROUTE : 806 772 168 292 741
ROUTE : 80 809 336 680 473 622
ROUTE : 441 273 702 493 431
ROUTE : 747 727 162 748 518
ROUTE : 86 248 480 38 767 79
ROUTE : 707 44 791 477 579
ROUTE : 69 276 505 189 685 564 799 704
DEPOT 11
ROUTE : 695 283 50 180 423 198 211
ROUTE : 632 269 463 174 529 709
ROUTE : 442 400 633 525 599 823 366
ROUTE : 513 591 295 265 29 118 517 601
ROUTE : 638 654 681
DEPOT 12
ROUTE : 549 448 568 584 822
ROUTE : 333 188 496 159 313 642 645
ROUTE : 648 415 602 58 339 674
ROUTE : 570 728 218 172 539 70 100 821
DEPOT 14
ROUTE : 600 74 67 113 775 802 317 436 200
ROUTE : 391 335 271 447 360 676 104
ROUTE : 54 387 687 679 816 263
ROUTE : 444 619 793 48 167 509
DEPOT 15
ROUTE : 137 710 766 129 163 323
ROUTE : 320 697 76 169 824 212 337 485 63
ROUTE : 175 194 149 225 171 402
ROUTE : 798 580 708 814 90
ROUTE : 596 234 49 41 776 165 277 565
ROUTE : 526 586 148 353 221 786
DEPOT 16
ROUTE : 275 742 756 246 375 782
ROUTE : 718 796 524 732 608
ROUTE : 183 372 544 338 316 595 68
ROUTE : 341 762 561 393 106 475 193 232 623
ROUTE : 60 226 455 624 403 297
DEPOT 17
ROUTE : 694 62 439 740 651 434
ROUTE : 430 655 395 130 701 819 604 470 428
ROUTE : 581 197 717 300 715
ROUTE : 53 370 502 186 744 55 635 547
DEPOT 18
ROUTE : 75 242 267 319 689 214
ROUTE : 293 520 553 357 768 779
ROUTE : 314 630 99 416 801 85 559
DEPOT 19
ROUTE : 346 256 589 435
ROUTE : 39 36 805 136 825 299
ROUTE : 73 291 731 658 523 540 77 575 449
ROUTE : 781 445 141 682 698 668
ROUTE : 675 145 610 771 347 195 660
DEPOT 20
ROUTE : 331 311 93 324 468 411 737
ROUTE : 206 120 115 521 143 108
ROUTE : 133 210 752 820 550 250 34 585
ROUTE : 535 382 289 239 736 490
ROUTE : 426 639 637 26 384 114
ROUTE : 327 251 98 37 233 458
DEPOT 21
ROUTE : 795 92 394 663 628 359 419
ROUTE : 281 692 627 207 763 510
ROUTE : 190 166 78 537 361
ROUTE : 615 536 192 669 151 780
ROUTE : 788 626 95 492 522 47
ROUTE : 650 379 237 670 83 401 274 304
ROUTE : 235 425 688 723 40 534
DEPOT 22
ROUTE : 424 690 691 307 261 187
ROUTE : 461 488 227 629 456 677 719
ROUTE : 754 121 665 358 28 729
ROUTE : 453 410 478 126 486 315 61 656 364
ROUTE : 722 369 476 64 243 155
DEPOT 23
ROUTE : 350 498 797 417 122 215 678 725 367 284 753 348 185
ROUTE : 45 296 282 325
ROUTE : 112 567 178 290 302 420
ROUTE : 743 664 572
ROUTE : 407 321 422 784 548
ROUTE : 134 440 374 598 252 205 213
ROUTE : 789 216 576 46 244
DEPOT 24
ROUTE : 711 716 241 563 306 499
ROUTE : 257 219 179 414 618 278 158
ROUTE : 746 352 790 376 617 634 110 310
ROUTE : 683 450 144 483 209 266 808
DEPOT 25
ROUTE : 247 240 344 30
ROUTE : 334 389 443 156 181
ROUTE : 160 519 59 555 56 484 667
ROUTE : 706 497 405 421 280
ROUTE : 735 607 616 343 203 71
ROUTE : 661 208 612 562 103 32
ROUTE : 758 587 556 466 672 342 712
ROUTE : 487 749 590 418 138
ROUTE : 508 397 303 107 603 507
EOF
