# instance=large_tight_b
COST : 6833968.6600
DEPOTS_OPENED : 31
ROUTES : 245
DEPOT 2
ROUTE : 1185 1556 388 481 869 1892 662
ROUTE : 1323 1062 335 1767 536 1423 1008 778 2356 1663
ROUTE : 1494 1883 1970 1774 627 380 2346 1914 1800 535 1366 743 2405 2007 819 1315 1921 2290 2012
DEPOT 3
ROUTE : 391 180 204 911 2256 760 2492 1156 710 1025 2160 1107 1695
ROUTE : 1223 1242 889 648 1445 2144 1206 1905
ROUTE : 1369 1894 638 2305 695 1678 78 1493 2167 541 2199 1376 270 691 2120
ROUTE : 772 2073 1243 1796 777 2192 176 363 590 191 1604 1819 1659 2170 845
ROUTE : 2482 105 1354 1089 394 2456 227 1808 1642 1142 1623 1828 1383
ROUTE : 1859 724 2226 1403 1557 1285 403 1717 582 568 399 534
ROUTE : 2326 1741 1745 1563 498 961 1777 1746 697 234 2432
ROUTE : 1463 400 959 618 414 177
ROUTE : 1543 325 1153 123 1999 214 413 1149 687 1426 2151
ROUTE : 2039 872 1541 2315 524
ROUTE : 917 1965 1650 1130 2259 813 668 2272 858 1016 1042 1278
ROUTE : 949 2155 937 326 1272 2190 2437 528 1234 2388 2374 136 169 1515 963 1513 1805 761 881
ROUTE : 1764 1342 1060 69
ROUTE : 337 1499 2181 353 1339 1386 908 1691 1518 1061 2202 417 1218
ROUTE : 1694 1775 1471 1656 1658 2266 650 277
DEPOT 4
ROUTE : 1780 2193 1067 945 644 641 2284 490 198 1292 2505 1438
ROUTE : 569 1702 2146 2085 1412
DEPOT 5
ROUTE : 165 2455 2351 2451 2511 1324 637 137 291 1577 383
ROUTE : 2314 1907 1842 950 1852 924
ROUTE : 2057 1151 1906 1440 1668 657 1128 1357 1875 2381 114 1090 867 605 1384 2117
ROUTE : 1693 1388 680 306 557 125
ROUTE : 1068 1424 596 994 233 754 1902 94 72 183 220 715 1479 553
ROUTE : 300 432 409 1887 1537 2240 1585 1798 1176
ROUTE : 79 583 2495 2185 2501 608 2158
ROUTE : 2509 1466 1708 765 1547 578 685 1187 314 468 1910 1603
ROUTE : 345 390 1197 2298 655 2097 860 2119 1523 1532 2002 1778 1611 453 970 935 1730 1681 1803 2229
ROUTE : 1189 128 1881 448 2449 1203 824 1542 1047 2141 1137 547 865 1581 1503 213 2208 1822
DEPOT 6
ROUTE : 1321 2481 1497 2340 1773 441 2289 1539
DEPOT 7
ROUTE : 669 1202 2201 1396 851 1269 1527 1298 1501 930 61 828
ROUTE : 193 1343 591 323 708 75
ROUTE : 1953 1038 2369 1491 148 1582 1622 513 1889 1652 1402 2494 2159 701 2279 2433 350 2211 1629 822 1123 2477
ROUTE : 818 1955 2420 1616 679 2220 944 1140 46 1720 1481 996 518 232 891 868 2252 2375 1163 1304 1103 242 257 2143
ROUTE : 779 2366 2445 1735 2115 2204 517 1451 1911 957 1273 188
ROUTE : 250 532 371 496 942 1676 1969 2415 2124 2518 960 2473 237 783 2004 951 1095
ROUTE : 1810 206 336 2032 1154 898 1505 1865 1715 999
ROUTE : 357 622 1667 929 1657 2260 2296 480 2177
ROUTE : 520 880 256 2234 1876 49 1728 953 1229 461 1184
ROUTE : 1520 1105 497 2387 1943 719
ROUTE : 1592 575 457 1756 2136 317 493 2055 1744 1211 2156 1886 784
ROUTE : 184 1311 1602 2309 1446 2095 2068 1855 2245 2317 1164 42 2331
ROUTE : 1394 1182 1546
ROUTE : 1079 1812 2529 811 356 682 2174 1690 948 696 2153 1719 1349 2328 2389 681
ROUTE : 152 1940 1127
ROUTE : 1791 1804 1431 2258 2281 2162
ROUTE : 217 693 721 1081 1457 1857 982 1562
ROUTE : 2178 2522 118 197 1456 699 1094 2194 2407
ROUTE : 2196 969 1379 884 364 1997 2320 1415 749 1949 1458 181
ROUTE : 656 212 1759 1990 1625 2287 1636 2429
DEPOT 8
ROUTE : 1651 2497 2520 837 981 1029 997 1100
ROUTE : 666 2239 1991 161
ROUTE : 720 601 1215 1399 546 565
ROUTE : 2282 1196 1644 1441 2330 2135 1692 1309 2386 1617
ROUTE : 978 1811 338 215 1193 2377 155 704 1662 499
ROUTE : 2139 2006 192 2360 728 509 2491 1283
DEPOT 9
ROUTE : 1734 1710 756 1485 512 526 973 826
ROUTE : 1129 359 2257 1971 2189 1994 1942 2038 827 1220 1072 309 381 1986 551
ROUTE : 2470 2172 2090 1806 476 1739 1525 1312 313 976 1839
ROUTE : 1098 2414 2036 1078 429 2218 1201 1704 1749 2376 2460
ROUTE : 1718 815 2084 861 882
ROUTE : 2016 1490 1870 1071 2422 589 1043 1915 2080 1964
ROUTE : 1705 1262 1110 1817 690 1597 1186 1102
DEPOT 10
ROUTE : 1849 1181 1434 348 1213 1554 2041 1275 556 1753 806 1131 304
ROUTE : 798 1132 451 310 2227 1923 339 76 1015 2217 1932 189 1624 1037 1358 2161 563
ROUTE : 1335 1661 2444 665 2001 1926 2534 2216 1880 1799 2205 1178 2302 1444 86 738
ROUTE : 1253 1673 1167 1568 758
ROUTE : 1265 623 1552 1599 187 1341
ROUTE : 954 2008 2402 788 979 1983 1648 2490
ROUTE : 1701 211 2531 1922 269 1144 1387 801 2098 2184 467 558
DEPOT 11
ROUTE : 1439 2061 653 2304 585
ROUTE : 751 1890 1601 1256 776 56 521 2416 450 688 739 2025 1429 2412 533 2322
ROUTE : 2031 1558 483 2019 2484 730 1736 1725 1619 202 1280 172
ROUTE : 1807 689 871 2022 2450 1635 651 203 1319 1841 1073 1260 1270 2053 1645 625
ROUTE : 700 1022 866 1934 604 216 1380 1367 2232 2125 1517 1337 289 1872 2263 1348
ROUTE : 1070 757 645 752 163 1448 401
ROUTE : 2465 530 1051 1007 244
ROUTE : 599 334 646 1733
ROUTE : 382 519 921 2307 386 276 840 144 542 2523 1086
ROUTE : 1608 1382 406 84 2028 1410 1116 54 2203 396 248 2014 2384 1330 253 1757 2434 2107 1087 1336
ROUTE : 1373 171 1088 2442 1247 2075 661 1770 141 1820 1570 377
ROUTE : 975 1177 1460 955 1174 609 1579 507 1279 1362 2249 175
ROUTE : 223 2378 229 91 707 2474 1301 2398 1826 1929 1916 1217 2409 2018
ROUTE : 51 1627 1478 791 983 224 2236 570 934 90 251 522 106 671 484 1677 2182 1389 1244 287 2237 849 2254 2056 395 2166 2539
ROUTE : 927 2475 1856 2094 1995 989 734 2251
ROUTE : 311 2337 255 2138 2533 1957 1633 2140 2300 600
DEPOT 12
ROUTE : 2074 1409 1169 555 2091 1958 488 647 321 1660 2112 456 2152 1482
ROUTE : 795 1040 1931 502 1649 1851 1002 2087 168 1313 1258
ROUTE : 2077 201 1263 2072 2020 1344 2228 780
DEPOT 13
ROUTE : 293 231 2463 1005 282 755 2042 1041 1685 1264 2373 418 1092 438 50 904 1765 428
ROUTE : 2393 1802 1232 1607 1035 466 584 1614
ROUTE : 1560 1378 1844 1289 1326 1225 711
ROUTE : 1679 902 2127 2116 2043 44 81 1504 179 2344 1771 1050 1793 1686 2359
ROUTE : 387 1960 218 2394 1039 598 885 397 392 2345 1228
ROUTE : 859 1891 1913 2362 430 787 2063 2219 1963 2517 2126 375 361 1689
ROUTE : 53 110 1238 195 1979 443
ROUTE : 1268 1085 577 156 2435
ROUTE : 1976 1162 1302 500 1259 2210 918 2321
ROUTE : 841 170 943 1365 1226 1249 1534
ROUTE : 887 1044 2017 2086 2499 2271 1414 1136 470
ROUTE : 588 1066 554 594 767 322 1159
ROUTE : 2215 1305 2200 89 1427 1143
ROUTE : 103 1584 1618 1014 1688 492 2419 2507 2175 113
ROUTE : 2269 1294 968 797 1848 1170 1594
ROUTE : 2399 745 2109 504 2365 1901 347 2297 142 1473 2275 2113 1392 2045 2048 410 804 614
ROUTE : 393 1381 527 1549 452 1919 2510
ROUTE : 1731 2441
ROUTE : 1214 2447 1522 624 931 2134
DEPOT 14
ROUTE : 2363 360 846 1740 1682 1632 379 2403 1899 729 1576 916 482
ROUTE : 2350 226 1610 1418 1124 1672 1945 1640 1352 1332
ROUTE : 607 1762 790 1908 1600 1933 1109
DEPOT 15
ROUTE : 987 2404 1766 1587 781 1297 838 1854 748 1240 1615
ROUTE : 2285 844 1853 178 2521 1188 491 2352 947 1655 245
ROUTE : 1074 1241 1896 340 1303 1286 2390 956 726 1500 939 121
ROUTE : 1306 1210 431 2235 2262
ROUTE : 2067 786 564 1724 1977 1565 1847 965 479
DEPOT 16
ROUTE : 2052 421 196 1401 763 990 796
ROUTE : 1194 1069 2464 1909 750 1583 2457 573 1331 149 1488 581
ROUTE : 1815 1375 1564 1861 2527 2054 544 2132
ROUTE : 933 2308 1101 1696 2145 274 154
ROUTE : 1795 2122 1296 742 477 1813 1345 1509 814 205 1789 574 1459 1080 1288 346 219 1122 718 727
ROUTE : 560 1502 2392 1475 87 1406 552 2164 374 580 284
ROUTE : 1443 2250 190 1536 2536 587 57 328 88
DEPOT 18
ROUTE : 150 199 785 143 2198 294 2241 2357 1647 2238 1684 1665 874
ROUTE : 537 330 613 1761 2253 1895 2197 775
ROUTE : 612 736 117 628 1835 96 1888
ROUTE : 2535 839 1674 1510 157 1833 1245 514 875 1350 1141 807 297 1709 77 1416
ROUTE : 1779 2329 1235 1818 471 703 2088 1621 877
ROUTE : 2294 1125 803 1788 713 1925 1711 941 632 104 1613 1531 2033
ROUTE : 2035 895 842 1179 854 1155 372
DEPOT 21
ROUTE : 2406 1885 209 2293 1947 376 1864
ROUTE : 2438 2102 972 753 138
ROUTE : 1257 1390 1157 1666 986 472 1049 2421 1540 1033 439 1428
ROUTE : 1824 315 2502 411 792 109 2355 675
ROUTE : 1300 1058 1006 619 1121 1374 2148
ROUTE : 952 455 1064 855 561 1968 1449 925 1034 1028
ROUTE : 2278 883 263 404 133 1032
ROUTE : 2092 1118 890 258 2283 2103 592 2410
ROUTE : 2123 2291 626 1395 1239 2096 1837 712
ROUTE : 1786 1017 1195 764 1768 1706 774 1722 664 2277 836
ROUTE : 2248 1628 74 886 58 1227 1360 1372 2230 2512 1930 2186 938 974 2466
ROUTE : 425 2223 2485 1404 1192 820 45 132 1573 1721 436 1250 1021 1063
ROUTE : 1329 225 1347 857 1277 1355 1104 1862 2471
ROUTE : 566 1752 2029 63 1596 415 261 853 1464
ROUTE : 516 1317 2147 1112 485 2243 2364 1524 1928 2265 808 2458 923 266 717
ROUTE : 1291 1356 2191 240 127 1860 73 1626 2255
ROUTE : 1026 731 1874 95 1574 1120 173 1019 1281 1758 2212
ROUTE : 2280 1261 271 2489 529 303 1231 2065 1307 2462 1299 1207 893 1937 1474 445
ROUTE : 1936 926 249 2472 998 2024 140 47 1825 1453 922
ROUTE : 239 835 1191 373 60 1823 698 2288
ROUTE : 1590 1904 640 1480 1742 2076 412 2397 2498 230 732 1989 1173 101 1551 1325 634 1827 1790
ROUTE : 1377 1091 992 821 2047 1421 319 2324 102 2082 2224 1012 2391
ROUTE : 1117 1975 1675 1781 424 2303 1868 1591 1553 2183 2327 2461 1984 1011
ROUTE : 984 1462 1361 416 1508 278 1295 936 654 1470 2537
ROUTE : 1641 66 1973 2310 2246 465 139 2487 1809 312 1858
ROUTE : 1631 275 2009 1126 1115 1405 454 1075
ROUTE : 1138 1255 247 825 296 1477
ROUTE : 327 1237 2213 1755 2150 1492 1359 1751 1516 843
ROUTE : 236 100 1487 1096 308 1737 667
ROUTE : 130 280 1683 1951 1455 2325 735 1465
ROUTE : 126 1646 1282 2408 2514 2049 593 2339 649
ROUTE : 523 99 2530 1003 1595 2425 1545 694
ROUTE : 1338 1897 1643 2188 610 1293 427
ROUTE : 2179 298 635 508 579 1797 268
ROUTE : 1212 2349 2479 1010 1924 1772 1287 124 1687
ROUTE : 1884 463 2267 164 1707
ROUTE : 1370 2540 295 352 863 678 1555
ROUTE : 2368 1637 1866 1027 1328 1468 2478 958 1023 2395
ROUTE : 1620 1158 2401 2030 906 2426
ROUTE : 1697 2467 2114
ROUTE : 2372 1588 2519 683 643 1959 1834 692 1172 2046
ROUTE : 83 85 1351 2093 1111 1763 185 2385 525 475 2221 2504
DEPOT 24
ROUTE : 1077 145 1435 2137 2261 506 2163 1031 2424 722
DEPOT 25
ROUTE : 2111 2066 850 115 2209 639 1437 1148 1846 2370 782 876 131 660 367 1867 341
ROUTE : 1782 444 2268 200 1528 1544 1830 264 407 2154 879
ROUTE : 1057 597 1046 1593 1171 603
ROUTE : 586 437 2078 2379 2453 737 489 1900 1829 2380
DEPOT 26
ROUTE : 1980 1495 766 909 1393 980 2528 1385 1993
ROUTE : 440 2058 2382 1669 2015 852 1161 2104 1605 228 1113
ROUTE : 652 1550 1903 1726 1454 746
ROUTE : 2483 1219 1950 243
ROUTE : 2121 672 122 207 684 1316 2299 246 993 864 2222 129 971 1598 1145 1535
ROUTE : 991 1748 1204 2005 368 1020
DEPOT 27
ROUTE : 1843 1045 120 2443 252
ROUTE : 2110 1972 1511 344 723 878 856 151 1589
ROUTE : 286 616 913 543 2476
ROUTE : 43 740 847 254 1967 290 2079 1845 2440 52
ROUTE : 670 705 1496 1322 1483 1276 1988 2206
ROUTE : 259 2000 1233 2538 208 405 1996 419 611 385 2468 1001 265 2338 1498 1254 2400 2231 158 1407 147
ROUTE : 1476 1575 2500 119 1952 1981 1944
DEPOT 28
ROUTE : 809 1059 331 977 2013 1561 531 2503 1634 446 2070 1671 571
ROUTE : 830 48 1251 65 1108 1743 2273 1469 1814 905 940
ROUTE : 318 2525 160 630 674
ROUTE : 2493 1982 870 420 1230 2044 2050 897 2312 2431 1578 162 1053 2142 2411 1548 1436 2439
ROUTE : 1638 1467 714 55 262 2452 817 903 1680 673 912
DEPOT 29
ROUTE : 562 1308 1198 2319 1248 494 1147 1948 1912 1419 1935 486
ROUTE : 501 59 1417 1236 789 545 70 1506 2428 1320
ROUTE : 1776 366 1450 460 1609 900 1918 422 907 2083 1559
DEPOT 30
ROUTE : 2157 80 2274 320 812 2430 2486 2276 458 2023 93 1422 559
ROUTE : 1869 505 1199
ROUTE : 423 2427 2195 1114 1566 302 1877 2149 473 369 186 1954 194
ROUTE : 1760 1794 135 2034 1978 831 892 1878 1314
ROUTE : 896 1698 768 1664 1083 305 384
ROUTE : 617 733 2131 342 2418 41 1571
ROUTE : 2311 615 1836 67 301 1452
DEPOT 31
ROUTE : 1013 1946 2316 1408 2207
ROUTE : 762 964 1222 292 378 2165 2037
DEPOT 32
ROUTE : 663 2118 1368 2089 2180 1654 2488
ROUTE : 1879 62 2128 1784 1333
ROUTE : 2334 823 771 402 1769 288 1146 351
ROUTE : 2071 2335 370 1486 333 2129 1430 1699 435 174 747 2242 2454
ROUTE : 1961 2506 1538 221 1787 434 1917 1175 1962 2133 2059
ROUTE : 567 1526 222 2264 2176 539 159 873 1433 741 166 2021 805 1489 595 2040 862 459 241
ROUTE : 636 1956 1927 1152 1998 433 1099 1529 2496 1831 503 2292 299 1873 770 1850 464 2448 1461
ROUTE : 2233 716 1700 2301 343 1580 1065 167 349 1939 307 744 2480 1009 1723 1082 1754 1274
ROUTE : 659 97 1521 1133 2106 1190
ROUTE : 1882 702 2270 2100 2225 946 995 2526 676 1106
ROUTE : 2323 469 1840 1413 1920
ROUTE : 2532 2469 1713 901
ROUTE : 2367 800 111 1442 2396 2348 426 2011
ROUTE : 511 281 108 1284 112 829 832 462 1180 1447 2318 2187
ROUTE : 2214 919 2060 1252 1729 621 1567 1716 1055 1271 107
ROUTE : 1838 2413 272 235 1030 888 769 1398 1135 1052 988 2306 1992 1183 1036 962 2383 2286 725 398 1714
ROUTE : 2436 355 1653 1411 515 2508 1165 1246 816
ROUTE : 1816 447 68 2336 1150 71 1208 910 1484 2342 834 1224 631 1056 1801
ROUTE : 283 1097 1266 802 1004
ROUTE : 1000 576 2069 449 2026 1420 540 64 1938 1018 1353 1318 2446 354 1310 1871 1630 1792
ROUTE : 1732 92 928 316 1974 1639 1327 2459
ROUTE : 572 98 2371 894 2130 550
ROUTE : 1093 1750 932 1400 1472
ROUTE : 848 1863 478 985 1821 329 1160 1397 2244 1048
ROUTE : 1391 1712 238 549 146 686 2417
DEPOT 34
ROUTE : 1267 153 1340 1941 2354 620 920
DEPOT 36
ROUTE : 1507 915 182 365 134 2341 2333 2064 2513 1985 362 2524 1024 495 285 793 1586 1572 2361
DEPOT 38
ROUTE : 966 1519 279 1139 1514 794 1432 1216 1168 914 2332 658
DEPOT 39
ROUTE : 2171 1530 474 2027 2168 706 487 358 1334 273 1898
DEPOT 40
ROUTE : 1363 1783 1200 324 1290 1670 2423 1119 1346 2347
ROUTE : 2081 1966 2295
ROUTE : 1076 2062 899 538 116 2051 2313 2099 1364 1221 2247 810 1533 1612 2353 1569 1084 629 2108 606
ROUTE : 82 548 1747 677 267 260 2003 1893 1606 2516 642 1832
ROUTE : 1987 2515 210 1703 709 2169 1134 2358 2010 389 332 2173 833
ROUTE : 1738 1785 2105 773 2101 759 1209
ROUTE : 1371 1727 1512 2343
ROUTE : 602 1166 1205 799 510 633 1425 1054 967 408 442
EOF
