# instance=medium_pathological
COST : 24673.6900
DEPOTS_OPENED : 4
ROUTES : 27
DEPOT 1
ROUTE : 205 38 112 153 77
ROUTE : 151 128 168 47
ROUTE : 92 76 132 195 68 202 102 121
ROUTE : 206 134 118 180 156 133 183 35 50 120
ROUTE : 73 66 20 45 39 185 9 155 152
ROUTE : 175 169 31 78 124 84 145 181 113 26 129 150 127 193 164 187
DEPOT 4
ROUTE : 199 79 109 166 36 165 48 114 201 198 71
ROUTE : 40 30
ROUTE : 96 46 15 200 196 25 93 106 62 154 148
ROUTE : 29 98 149 61
ROUTE : 82 51 119 60
ROUTE : 53 81 41 139 101 57 85 23 80
ROUTE : 190 59 157 87 125
ROUTE : 111 90 44 103 100 197 178
DEPOT 5
ROUTE : 49 27 105 83 110 115 123 186 207 14 122
ROUTE : 55 130 140 176 69
ROUTE : 126 160 19 70 117 171 32 37
ROUTE : 143 12 172 56 42 64 33 162 99
ROUTE : 88 28 34 142 167
ROUTE : 108 107 174 147 11 94 194 191
ROUTE : 97 52 67 141 17 135 91 137 116
DEPOT 6
ROUTE : 161 136 188 95 24
ROUTE : 18 208 158 22 72 63 10 89 144 16 173 159 86 182
ROUTE : 179 177 58 192
ROUTE : 13 138 184 75 170 131 54 163
ROUTE : 203 74 65 43 189
ROUTE : 146 104 204 21
EOF
