# instance=medium_asym_depot_binding
COST : 67652.6300
DEPOTS_OPENED : 22
ROUTES : 130
DEPOT 1
ROUTE : 305 745 180 336 762 505 59 749 168
ROUTE : 158 632 365 522 438
ROUTE : 462 811 468 736 555 737 695
ROUTE : 69 313 823 461 340 693 445
ROUTE : 774 657 247 73 204 467 181
ROUTE : 766 42 201 740
ROUTE : 203 248 814 764 682 531
DEPOT 2
ROUTE : 402 312 147 697 580 618 48
ROUTE : 146 362 578 644
ROUTE : 603 572 35 252 61
ROUTE : 357 662 425 129 434
ROUTE : 677 46 281 722 130 593 549
DEPOT 3
ROUTE : 793 712 589 175 480 235
ROUTE : 112 265 110 785 490 680 91
ROUTE : 782 243 448 452 718 206 553 485 664
ROUTE : 794 159 433 139 358
ROUTE : 799 418 372 470 458 735
ROUTE : 810 80 187 348 278 581 675 571
ROUTE : 256 347 617 253
DEPOT 4
ROUTE : 292 356 515 604 679 723
ROUTE : 318 136 609 699 379 710
ROUTE : 478 411 564 543
ROUTE : 304 639 323 532 352 646 298 530
DEPOT 5
ROUTE : 547 641 509 441 293 820 521 514
ROUTE : 563 707 88 443 153 474 290
ROUTE : 520 84 76 303 744 332
ROUTE : 704 569 465 216 62 648
ROUTE : 108 70 381 627 488 291 114
ROUTE : 721 169
ROUTE : 410 494 790 240 669 26 446
ROUTE : 275 162 30 638 164 772
DEPOT 6
ROUTE : 394
ROUTE : 60 316 54 676 752
ROUTE : 233 329 770 244 189
ROUTE : 506 349 315 50 301
ROUTE : 345 733 209 89 212 416 119
DEPOT 7
ROUTE : 415 142 140 351 75 660 74
ROUTE : 386 665 163 419 151 535
ROUTE : 426 249 519 198 171 608 431 200
ROUTE : 430 321 732 421 227 122
ROUTE : 610 747 388 436 385
DEPOT 8
ROUTE : 106 322 286 401 167 276
ROUTE : 592 93 170 124 412 328
ROUTE : 190 33 621 152
ROUTE : 540 534 511 366 331
DEPOT 9
ROUTE : 408 155 326 94 132 818 288 371 671
ROUTE : 743 567 517 655
ROUTE : 126 193 527 420 404 184 473
ROUTE : 325 475 334 788 570
ROUTE : 161 38 185 523 742
ROUTE : 667 81 217 624 319
DEPOT 10
ROUTE : 670 681 160 686 113 573 596
ROUTE : 812 787 283 614 317 780 719 176
ROUTE : 333 483 391 67 373 554 789
ROUTE : 577 282 405 551 195 615
DEPOT 11
ROUTE : 242 647 378 499 673 324
ROUTE : 435 487 489 455 804 457 720 498 518
ROUTE : 536 284 95 238 398 629
ROUTE : 503 661 268 463 460 359
ROUTE : 611 374 39 111
DEPOT 14
ROUTE : 579 266 354 177 748 583 504 199
ROUTE : 219 137 64 585 493 472
ROUTE : 234 285 52 734 118 202 186
DEPOT 15
ROUTE : 380 306 576 400 768 77
ROUTE : 594 128 715 696 447 141 822 225
ROUTE : 131 690 607 232 726 273 263
ROUTE : 556 40 71 817 684 714 482
ROUTE : 757 82 138 197 730 751 392
ROUTE : 537 133
DEPOT 16
ROUTE : 287 29 396 591 816 116
ROUTE : 127 755 449
ROUTE : 637 41 689 320 182 643
ROUTE : 605 254 172 103 727 775
ROUTE : 308 786 729 464 214 272 327 427 613
ROUTE : 550 477 558 236
ROUTE : 754 150 495 512 307 399
DEPOT 17
ROUTE : 245 432 668 442
ROUTE : 459 728 194 86 27 353 213
ROUTE : 454 529 758 797 750 417 343
ROUTE : 192 355 310 731 246 260 678
DEPOT 18
ROUTE : 375 612 422 481 692 105
ROUTE : 450 241 501 409 78
ROUTE : 183 805 439 53 538 703
ROUTE : 397 98 486 117 709 552
ROUTE : 656 625 257 674 803 526
DEPOT 19
ROUTE : 759 508 631 542 702 125
ROUTE : 688 271 650 533 148
ROUTE : 261 634 783 626
DEPOT 20
ROUTE : 258 120 210 165 428 264
ROUTE : 765 299 565 311 47 221
ROUTE : 566 513 279 173 251 368 767 619
ROUTE : 25 250 771 685 716 620
ROUTE : 636 289 65 653 562 211 389
ROUTE : 262 528 104 546 393 635 622
ROUTE : 51 406 121 407 588 363 97 654 90 651 222
ROUTE : 277 756 205 694 587 360
ROUTE : 544 713 390 123 507 599
ROUTE : 600 539 226 376 58 819 795 779 623
ROUTE : 437 344 776 824 72
DEPOT 21
ROUTE : 174 208 337 369 545 497 784 738
ROUTE : 387 55 229 561 741 85 801 761
ROUTE : 144 166 57
ROUTE : 224 602 451 597 377 630 781
ROUTE : 215 135 302 590 102
ROUTE : 606 746 384 92 809 338 403
ROUTE : 267 808 296 739 471 49 220 792 383
ROUTE : 586 34 101 83 541 453
ROUTE : 255 601 107 516 796 760
ROUTE : 423 79 711 584
DEPOT 22
ROUTE : 43 109 274 456 440 628
ROUTE : 582 31 717 687 143 708 595
ROUTE : 791 691 698 510 364
ROUTE : 270 314 36 666 134 649
ROUTE : 207 63 559 342 773 154 346
DEPOT 23
ROUTE : 156 295 683 479 652
ROUTE : 633 815 239 297 87 645 821 367
ROUTE : 806 37 798 196 777
ROUTE : 616 598 45 807 491 659
ROUTE : 476 672 44 813 237 259 157
ROUTE : 725 524 469 115 100 269
ROUTE : 178 231 575 28 525 548 640 309 753
DEPOT 24
ROUTE : 294 218 700 778 99 496 444 574
ROUTE : 769 361 706 96 395 68 32
ROUTE : 724 382 223 228 179 642 492
ROUTE : 500 341 230 350 568 414 502 66 188 802
ROUTE : 145 330 149 191 56
ROUTE : 335 701 658 370 413
ROUTE : 466 300 763 484 429 560
ROUTE : 280 557 663 705
ROUTE : 424 800 339
EOF
