# instance=medium_loose_b
COST : 52163.4300
DEPOTS_OPENED : 6
ROUTES : 128
DEPOT 2
ROUTE : 619 368 175 441 527 255 655 173
ROUTE : 633 105 660 702 391 87 120
ROUTE : 119 108 514 562 203 507 483 70 171 54
ROUTE : 719 658 516 358
ROUTE : 344 387 179 289 642 573 388 23
ROUTE : 362 656 412 618 228 509 152
ROUTE : 566 565 137
ROUTE : 550
ROUTE : 493 197 572 325 431
ROUTE : 451 176 513 443 319 396 449 270
ROUTE : 716 355 254 118
ROUTE : 604 323 192 530 354
ROUTE : 568
ROUTE : 427 267 58
ROUTE : 666
ROUTE : 107 161
ROUTE : 353
ROUTE : 80 265
ROUTE : 610 34 696 426 670 207 269
DEPOT 3
ROUTE : 401 675 435 56 336 536
ROUTE : 416 477 627 167
ROUTE : 434 156 694 552 144 136 547 172 285 415 141 174 481
ROUTE : 165 253 400 606
ROUTE : 691 580 504
ROUTE : 684 384 123
ROUTE : 394 40 162 282 331
ROUTE : 313 714 277 278
ROUTE : 605 596 631 158 485 103 186 311
ROUTE : 47 411 343 425
ROUTE : 314 50
DEPOT 4
ROUTE : 464 98 381 218 224 553 121
ROUTE : 26 151 280 524 500 486 409 113 718 83 598 259 194 701 369 90 669 334 49 377 62 657 338 35 76
ROUTE : 275 155 398 539
ROUTE : 232 145
ROUTE : 284 586 471 166 637 692 418 78
ROUTE : 424 703 588 61 326 720 308 301 681 707 196 428 71
ROUTE : 590 85 592 686 460 487 366
ROUTE : 316 498 109 360
ROUTE : 132 329 644
ROUTE : 25 650 430 402
ROUTE : 461 548 648 612 248 638 330 620 169 616 423 467 526 217 324 303
ROUTE : 591 688 342
ROUTE : 88 390 482 43 82 157 281 374 595
ROUTE : 274 211 652 245 609 55
ROUTE : 340 297
ROUTE : 198 101 39 439
ROUTE : 630 433 66 86 468 492 92
ROUTE : 710 91 357 535 470 227 74 231 664
ROUTE : 508 711
ROUTE : 465 322 647
ROUTE : 125 503 154
ROUTE : 715 77 332
ROUTE : 288 75 698 484
DEPOT 5
ROUTE : 240 569 571 651
ROUTE : 327 472 27
ROUTE : 583 558 625
ROUTE : 220 653 251 408 291 142 160 69 386 208
ROUTE : 521 247 143 706 603 283 29 522 44
ROUTE : 122 63 177 114 139 511 182 560 399 478
ROUTE : 110 687
ROUTE : 585 397
ROUTE : 146 215 578 239 210 555 582 676
ROUTE : 549 112 594 685 212 370 674 389
ROUTE : 380 497 563
ROUTE : 117 104
ROUTE : 290 490
ROUTE : 140 673 31 626 654 205 295 567 395 249
ROUTE : 99 382
ROUTE : 436 163
ROUTE : 193 339 153 480 204
ROUTE : 447 256 393 138 559 41 243 181
ROUTE : 59 608 335 260 665 600 363 602 420
ROUTE : 45 448
ROUTE : 233 455
ROUTE : 371 199 538 421 621 561 597 115
ROUTE : 659 533 315 458 67
ROUTE : 379 531 333 147 489 693 661 33 537
ROUTE : 312 131
ROUTE : 640 178 337 697
ROUTE : 133
ROUTE : 48 345 97 499 704
ROUTE : 372 502 321 419
ROUTE : 632 42
ROUTE : 506 532 587
ROUTE : 116 375 213
ROUTE : 639 304
ROUTE : 264 242 494
ROUTE : 672 505 636 601 294 287 100 404 534 229 529 238 266 272 318 440 491
DEPOT 10
ROUTE : 679 300 680 629 579 185 695 682 429 356 463 466 237 230 216 495 469
ROUTE : 130 164 200
ROUTE : 126 28 236 705 646 306 261 309
ROUTE : 150
ROUTE : 188 299 459 662
ROUTE : 385 180 341 510 296 564 195 79 191
ROUTE : 373 60 68 615 378
ROUTE : 84 263 556 222 214
ROUTE : 543 476 614 712 450 124 456 474 677 406 364 717
ROUTE : 512 376
ROUTE : 235 52
ROUTE : 496 189 351 361 413 709 574 624 350
ROUTE : 649 209 403 645 226
ROUTE : 258 348
ROUTE : 528
ROUTE : 383 134 320 206
ROUTE : 544 183 713
ROUTE : 246 359 546 32 407 302 584 634 257 187 159 405
DEPOT 20
ROUTE : 667 51 352 541 678 410 643 271 57
ROUTE : 168 37 305 367 36 722 298 518 617 65
ROUTE : 708 475 422 102 89 170 671 488
ROUTE : 479 64 127 635 437 262 593 293 273
ROUTE : 438 276 234 417 576
ROUTE : 515 570 286 241 94 445 365
ROUTE : 310 473 279 128 190 628 540
ROUTE : 149 700 581 545 292 523 202 453 699 622 414 111
ROUTE : 72 554 519 446 73 599 542 641
ROUTE : 223 219 244 551 623
ROUTE : 346 462 95
ROUTE : 328 454 613 457 201
ROUTE : 96
ROUTE : 24 46 607 225
ROUTE : 307 148 349 721
ROUTE : 347 81 663 690
ROUTE : 53
ROUTE : 668
ROUTE : 589 683 184 520 106 517 525
ROUTE : 611 221 135 444 268 252 317 452 392 442
ROUTE : 30 577 38
ROUTE : 432 93 501 689 129 575 557 250
EOF
