# instance=large_moderate_a
COST : 8195663.5600
DEPOTS_OPENED : 27
ROUTES : 275
DEPOT 1
ROUTE : 734 724 161 761 173 76
ROUTE : 1700 1757 1332 179 838 308 1946 497
ROUTE : 1116 680 1715 1963 863 169 562 1212 1384 994
ROUTE : 1762 795 888 1206 246 859 1640 902 1722 1585
ROUTE : 77 1228 1651 871 1339 1483 1291
DEPOT 3
ROUTE : 1778 1400 96 1705 1806 1965 1151 337
ROUTE : 825 1754 1861 1380 729 1708 674
ROUTE : 1364 1655 2021 85 2034 1253 1181
ROUTE : 579 1970 990 561 1425
ROUTE : 514 698 1081 1594
ROUTE : 385 1378 2030 191 256 1767
ROUTE : 448 80 566 2010 136 1646
ROUTE : 606 594 491 318 1836 1477 1625 419
ROUTE : 1125 999 486 1954 184 1824 1039 391 1266
ROUTE : 1288 1370 1544 1926 1914 159 1761
DEPOT 5
ROUTE : 553 1513 1729 1957 119 460
ROUTE : 65 168 41 596 1884 69 355
ROUTE : 948 1395 831 102 471 1274
ROUTE : 1122 105 1453 1642 1131 1407
ROUTE : 488 1731 39 770 2022 807 316 577
ROUTE : 1235 244 723 1563 860 1441 1598 209
ROUTE : 1030 71 862 1961 1440 695 66
ROUTE : 1479 1694 591 1850 901 461 1232
ROUTE : 1919 1620 143 894 1787
DEPOT 6
ROUTE : 353 356 1782 1153 411 571 1819 348 1614
ROUTE : 1069 1794 665 44 325 1736 1405 1616
ROUTE : 972 1685 500 1145 681 329 297 114 1644
ROUTE : 1437 197 1979 112 791 254
ROUTE : 107 370 996 1402 1424 1123 828 1065 915 557
ROUTE : 445 59 1214 768 1210 1321 537 340
ROUTE : 1686 1916 412 322 1524 128 1742 542 736
ROUTE : 1823 1484 783 1377 710 1337
ROUTE : 1311 225 333 1843 842 757
ROUTE : 1775 548 2015 1307 1296 811
ROUTE : 1727 1695 613 1414 1502 875 273 1192 290 148 1186
DEPOT 7
ROUTE : 1576 1574 279 1558 644 1901 332 421
ROUTE : 748 2009 1134 684 898 1725 1912
ROUTE : 1413 1082 706 582
DEPOT 8
ROUTE : 551 1471 1445 1165 806 300 1449 1250
ROUTE : 1826 694 919 1572 1825 1121 1202 1385
ROUTE : 654 1117 1365 1061 283 387
ROUTE : 489 259 103 664 1190 858 1246 1905
ROUTE : 1738 1280 472 1518 58 150 1194 501 436 369
ROUTE : 1238 1791 446 160 1981 1982 1419
ROUTE : 869 592 636 377 854 693
ROUTE : 281 1555 1763 1868 1666
ROUTE : 1200 1839 1040 583 1024 958 1862
ROUTE : 1430 1665 933 1617 257 1284 696
ROUTE : 832 932 1486 1422 319 198 555 1322 530
ROUTE : 440 1079 928 575 506 382
DEPOT 9
ROUTE : 1054 208 1917 848 1294 1240 1777 1728
DEPOT 10
ROUTE : 946 1551 120 468 1657 615
ROUTE : 1366 307 187 467 685 1245 614
ROUTE : 872 1487 1817 1490 1066
ROUTE : 342 738
ROUTE : 425 1376 84 1548 884 1436 38
DEPOT 11
ROUTE : 916 1369 650 891 1556 222 1481
ROUTE : 1621 427 669 328 1130 867 1900 423 692 1177
ROUTE : 1454 366 967 632 1721 1460
ROUTE : 1939 1816 1999 598 1803
ROUTE : 386 1918 1164 1067 767
ROUTE : 699 936 942 1770 127 1289 870 955
ROUTE : 980 1343 815 180 707 725
ROUTE : 1902 1739 1264 125 1683 1714
ROUTE : 1930 1768 744 733 466 527 199 741 1226 226 1244 1844
DEPOT 12
ROUTE : 1795 597 439 1242 969 829
ROUTE : 1506 754 718 912 243 1052 164 1526 1241 526
ROUTE : 1482 1345 552 1992 424 1663 1997
ROUTE : 494 1508 1609 965 1569 398 288 1953 1707 1570 1309
ROUTE : 1677 762 600 565 201 310 1472
ROUTE : 437 1964 689 278 1575 1507 1589 195
ROUTE : 573 873 2011 1929 655 1058 449
ROUTE : 752 426 78 849 1596 1017 1096 809
ROUTE : 1701 947 1357 1838 394 677
ROUTE : 476 140 645 1480 1236 1269 224 1545 1645
ROUTE : 1519 274 1802 776 441 351 1649
ROUTE : 1458 1139 808 1557 1972 1573 1608 1886
DEPOT 13
ROUTE : 1273 1267 1092 345 714 1837 1947
ROUTE : 520 2020 534 1873 1748 962
ROUTE : 2014 86 1342 1218 1127 1104 406
ROUTE : 499 245 771 629 1470 931
ROUTE : 455 98 1043 773 567 2005 1362 1251 889
ROUTE : 1772 1091 1346 1399 747 1520 941
ROUTE : 671 1841 687 1641 1717 1171 190 803 2013
ROUTE : 2028 523 1934 1087 296
DEPOT 15
ROUTE : 339 469 1883 1788 1233 1110 1516 402 721
ROUTE : 643 1746 1680 1497 865 145 1542
ROUTE : 930 935 1350 1689 797 1925 371 1473 1985
ROUTE : 1074 1062 642 447 324 1496 151 1198 1568
ROUTE : 216 1108 42 558 407 1887 295 1847 1149
ROUTE : 138 1810 1969 1387 1815 1523
ROUTE : 380 154 866 1310 576 1015 510 700
ROUTE : 2012 1741 1630 682 1462 1014
DEPOT 16
ROUTE : 271 400 1659 1261 1225 1696 626
ROUTE : 1340 1498 404 1073 1541 416 586
ROUTE : 1431 1143 813 1948 165 477 74
ROUTE : 1277 456 221 1176 782 709
ROUTE : 920 1856 660 730 146
ROUTE : 1070 1160 1833 546 463 176 1853 837 1857
ROUTE : 1086 87 701 1703 1704 1415 1871
ROUTE : 1870 367 1416 232 603 1174 1450
ROUTE : 895 55 545 755 585 1156 2004 1793 716
ROUTE : 1552 420 1639 233 240 722 971 298 2033 627
ROUTE : 1688 1923 801 1075 144 1297 1766 1561
ROUTE : 270 153 1056 847 1758 817 1756 1224 787
ROUTE : 1852 987 1444 106 1713 263 810 2000
DEPOT 17
ROUTE : 1114 1488 408 905 1303 922 453 147
ROUTE : 1592 1559 1786 766 601 487
ROUTE : 1975 525 1126 94 1517 1577 1734
ROUTE : 774 602 1100 204 1028 1601 1020
ROUTE : 921 321 236 1643 1111 604 726
ROUTE : 452 48 1282 121
ROUTE : 462 1893 1103 824 959 1903
ROUTE : 162 1219 1301 1166 428 1326 805 764 492 686
DEPOT 18
ROUTE : 336 1600 1809 1195 139 450 56 1693 53 1367 666
DEPOT 19
ROUTE : 1344 1499 1137 949 1135 458 1010 1003
ROUTE : 1034 1080 840 911 306 879 737 1314 47 1512 1959 625 900 688
ROUTE : 851 1102 619 593 235 536
ROUTE : 1831 657 474 1168 293 1854 923
ROUTE : 1737 1336 1928 129 547 507 907
ROUTE : 1549 1249 1627 612 780 646 702
ROUTE : 1068 1255 957 1373 163 133 1191 1356
ROUTE : 676 758 668 1095 1324 1789
ROUTE : 1207 781 820 1943 1279 267
ROUTE : 503 1894 1945 630 1676
ROUTE : 1896 580 435 731 1860 906
ROUTE : 549 926 83 839 93
ROUTE : 251 495 1136 1398 1455 940 1710 1275
ROUTE : 1580 1878 1170 1063 2032 1578 1390 1889 1950
ROUTE : 1406 1287 378 956 1906 1539
ROUTE : 617 1270 75 772 937 1908 1408 255
ROUTE : 174 1750 1271 1669 1706 993 292 977 459
ROUTE : 1239 1050 1988 1942 214 1863 1180 1205 793 331
ROUTE : 988 1897 1038 502 843 1626 1358
ROUTE : 1971 1618 1138 442 1109 1041 1088
ROUTE : 265 1466 1632 1579 1771 1619 330
ROUTE : 1071 1755 528 1962 374 1783
ROUTE : 116 68 779 1650 697 984
ROUTE : 1530 1990 1157 46 1032
DEPOT 20
ROUTE : 683 219 1821 691 2025
ROUTE : 1334 1525 210 276 181 1257 861 1781 352
ROUTE : 1327 745 1018 1510 970
ROUTE : 720 2023 1567 1026 1949 647 1565
ROUTE : 62 192 157 1885 1529 207 1286 305 375 49
ROUTE : 1514 1316 1352 1372 1648 90
ROUTE : 1808 1924 1391 954 836
ROUTE : 1660 1986 997 206 864
ROUTE : 1877 45 1951 1031 1204 1312 326 649
ROUTE : 1584 1759 504 73 1308 924 662 816 171 205
ROUTE : 599 1101 1509 1773 1141 1328 1002 1106 1427
ROUTE : 1363 1248 1360 262 1044 1048 349
ROUTE : 304 1698 1769 1733 951 253 784 409 475
ROUTE : 711 857 608 587 1634 464 1313 1448 1463
ROUTE : 1396 241 641 410 775 763 1697 735
ROUTE : 1090 1150 1047 1562 1955 524
ROUTE : 675 896 1564 1603 1293 983 1401 1012
ROUTE : 1411 511 1158 203 496 1967
ROUTE : 172 465 1848 572 81 1382 1681
ROUTE : 335 1654 1197 223 1175 1637 855
ROUTE : 1624 663 1859 844 883 908 1978 1199 97
ROUTE : 37 823 1927 1306 1221 1920 343 1085
ROUTE : 521 1623 376 568 1237 1790 1998 1410
ROUTE : 1812 1904 1386 618 52 588 1129
ROUTE : 966 1785 1305 1682 1911 794 804
ROUTE : 396 1217 1892 539 1832
ROUTE : 1341 1368 624 1636 1938
ROUTE : 1699 286 182 1879 118
DEPOT 21
ROUTE : 616 584 361 289 1330 248 1021 237 1004 1846 212 166
ROUTE : 1613 109 648 1432 1317 1586 152 1522
ROUTE : 1258 1059 344 1076 1304 1423 611 438
DEPOT 23
ROUTE : 569 124 1684 483 1361
ROUTE : 100 1456 117 1827 505 183 1469 57
ROUTE : 1193 1730 1300 291 1538 220
ROUTE : 364 1658 518 1753 979 704 238 1023
ROUTE : 1005 284 301 578 1993 1869 1155
ROUTE : 280 137 1581 1447
DEPOT 24
ROUTE : 1813 812 1835 1457 590 1033 1089 628 383
ROUTE : 1276 1035 897 1254 1446 856
DEPOT 25
ROUTE : 2017 652 1784 432 1247 338 1161
ROUTE : 1671 850 1996 1403 1664 1434 1203
ROUTE : 789 703 1820 429 1830 1922 1804 1351
ROUTE : 914 1882 1968 1858 413 285
ROUTE : 1590 796 1554 874 1281 72 1421 2031 268
ROUTE : 1144 1119 788 1807 651 950
ROUTE : 1505 218 1987 1606 1797 79 431 1000 785 277 1984 515
ROUTE : 1474 379 1602 1147 392 1007 1201
ROUTE : 1006 639 167 358 778 1536 637
ROUTE : 1290 659 538 574 1055 540
ROUTE : 393 819 749 560 1935 1675 1465 899
ROUTE : 1299 945 1511 827 1867 1025 968
ROUTE : 1036 1933 1764 1461 1292 229
ROUTE : 1662 135 294 814 705 88 141
ROUTE : 1243 1263 550 881 1921 1388
ROUTE : 2002 760 800 1120 1800
DEPOT 27
ROUTE : 1895 1944 1049 1320 1980 544 1956
ROUTE : 264 728 830 1995 769 1381
ROUTE : 302 1029 605 974 252 357 1252 1799 1027
DEPOT 30
ROUTE : 1702 1459 2018 266 1037 835 1097 1325
ROUTE : 989 909 1022 373 155 563 845 1118 1349
ROUTE : 1392 312 1162 1774 1429 1673 640
ROUTE : 1374 885 1452 170 981 1678 1107 635 1154 299 1547
ROUTE : 1709 938 1009 99 1801 132 1875 964 834 1046 543 200
ROUTE : 715 880 1451 1112 631 433 1503
ROUTE : 1674 2019 110 269 708 1932 2016 1094 910 1528 1278 1113
ROUTE : 1940 622 1818 1426 346 753 1128 1747 1687
ROUTE : 1302 2026 228 444 595 1285 739 1760 1635 975 1566
ROUTE : 939 1283 454 178 1587 1692 242
ROUTE : 886 309 1188 982 1272 609
ROUTE : 1583 1215 673 658 1752 1057 347 1535
ROUTE : 1142 1796 661 1371 853 130 397
ROUTE : 1960 1974 390 1001 963 892
ROUTE : 341 1631 1744 490 1553 2029 418 1189
ROUTE : 833 1966 727 1560 196 882
ROUTE : 1485 868 792 818 1495 529 1652
ROUTE : 213 70 1064 1726 1751 1013
ROUTE : 1615 822 1718 317 287
ROUTE : 513 250 1780 1208 1265 1765 992 1072 1531
ROUTE : 1723 1169 2006 509 1347 638 1077
ROUTE : 40 1173 742 1268 1008 1298
ROUTE : 679 1743 434 890 1146 211
ROUTE : 925 1588 531 415 1492 158 986
ROUTE : 1335 1084 1439 1952 1740
ROUTE : 732 633 877 2007 156 185 1140
DEPOT 31
ROUTE : 790 516 978 1338 934 1159 512
ROUTE : 1661 1543 1711 1333 1443 751
ROUTE : 1668 1493 1420 1888 1019 1532 653
ROUTE : 131 799 1083 381 1605 82 1489 1595
ROUTE : 1976 1491 1915 1379 217 1183 1093 1397
ROUTE : 1442 1712 303 1404 852 719
ROUTE : 175 1855 777 1417
DEPOT 32
ROUTE : 1098 634 1348 564 115 1629 1977 1172 1691 532
ROUTE : 621 1994 1256 2027 215 1656 1899
ROUTE : 470 430 559 275 261 535 1749 1011
ROUTE : 227 570 1187 60 743 457 1851
ROUTE : 1840 1504 1045 1745 202 1259 313 1132
ROUTE : 2024 1872 1898 1913 417
ROUTE : 478 798 1182 2008 142 1133 1412 1779
ROUTE : 1716 1533 1099 1611 1864 359
ROUTE : 1865 887 360 111 414 234 249
ROUTE : 1550 623 1936 756 395 656 1546 1211 1319 998
ROUTE : 1229 670 1167 1814 1521 610
ROUTE : 479 282 1591 1428 1941 1148 43 422 1227 1534 323
ROUTE : 189 541 1209 89 1438 1418 104 1732 1178
ROUTE : 1582 1828 690 1973 1515 231 765 1834
ROUTE : 876 1607 384 193 334 554 368 893
ROUTE : 63 1260 481 1216 1989 1593 1231 2035 314 1910
ROUTE : 1501 101 917 1735 122 64
ROUTE : 821 1016 1222 1891 846 1679
ROUTE : 1842 186 620 961 405 1152 1394 913 960
ROUTE : 1527 1105 1213 746 1464 1115 1467 485
ROUTE : 1931 1359 113 239 1958 401 50
ROUTE : 1610 918 1375 2003 1811 1876 1042
ROUTE : 1262 973 362 826 717 712
ROUTE : 976 1805 1612 1571 1051 108
ROUTE : 581 1798 1383 399 1234 1937
ROUTE : 473 493 388 1355 1909 1478 1468 315
ROUTE : 740 1991 1866 1983 522 260
ROUTE : 1184 1653 1475 272 927 533
DEPOT 34
ROUTE : 1633 482 1776 365 929 750
ROUTE : 759 1435 953 878 943 350
ROUTE : 443 126 54 389 508 1599 556 230 1597 1638
ROUTE : 363 36 1537 188 1476 1540
ROUTE : 67 1230 903 672 667 944 1295
ROUTE : 991 247 61 1720 498 1647 95 517 952
ROUTE : 1315 92 519 1880 372 1329 678
ROUTE : 1053 403 320 1196 480 2001 1179 1604
ROUTE : 1354 258 451 985 1719 1220 1223
ROUTE : 134 786 1389 589 149 311 841 1494
ROUTE : 177 1433 354 327 1393 904
ROUTE : 1409 91 1881 1060 1185
ROUTE : 1672 1500 1792 1849 1845 1078
DEPOT 35
ROUTE : 1124 1323 1907 194 1822
ROUTE : 1163 1690 802 484 1829 1628
ROUTE : 713 1622 1724 1353 607 123 995
ROUTE : 1874 1667 1331 51 1890 1670 1318
EOF
