# instance=small_tight_b
COST : 36292.2700
DEPOTS_OPENED : 13
ROUTES : 73
DEPOT 2
ROUTE : 249 121 303 175
ROUTE : 320 353 184
ROUTE : 263 78 242 90 413
ROUTE : 336 24 364 98 265 91
ROUTE : 387 390 172 325 401 327 89
DEPOT 3
ROUTE : 385 160 180 33
ROUTE : 305 339 76 210
ROUTE : 392 223 179 52 238
ROUTE : 354 84 393 326
ROUTE : 28 95 367 412
ROUTE : 144 36 388 290 262 45
DEPOT 4
ROUTE : 374 288 415 280 25 173 232
ROUTE : 156 356
ROUTE : 389 406 409 212
ROUTE : 194 335 337 198 359 163
DEPOT 5
ROUTE : 122 225 338 240 342 63
ROUTE : 380 296 168 131 127 397
ROUTE : 308 77 55 347 334
ROUTE : 48 398 384 41 241 88
ROUTE : 297 113 256 187 330 139 192
ROUTE : 204 278 292 69 381
ROUTE : 83 279 313
DEPOT 6
ROUTE : 235 239 150 86 190 120
ROUTE : 236 257 38 26 107
ROUTE : 283 248 182 193 311
ROUTE : 81 177 345 40 56 246
DEPOT 8
ROUTE : 87 273 17 158
ROUTE : 119 169 362 217 365 205 211 395
ROUTE : 300 275 259 72 295
ROUTE : 258 291 363 71 197 46 341
ROUTE : 213 222 348 195 333
ROUTE : 315 171 105 343
DEPOT 10
ROUTE : 132 97 203 316 237 266
ROUTE : 183 319 108 358 70
ROUTE : 67 181 61 254 277
ROUTE : 411 382 82 244 264
DEPOT 11
ROUTE : 402 405 378 306 310 276 414 126 416
ROUTE : 96 99 243 383
ROUTE : 370 161 272 220 287
ROUTE : 400 159 37 324
ROUTE : 352 167 109 252
ROUTE : 216 23 344 148 260 117
DEPOT 12
ROUTE : 92 21 271 375 62 329 214 373 191
ROUTE : 155
ROUTE : 149 298 376 321 318
ROUTE : 299 322 68 323 286 30 372 32 143
ROUTE : 140 145 209 74 100 129
ROUTE : 102 206 94 201 22 142 165
DEPOT 13
ROUTE : 270 64 104 135 360
ROUTE : 301 282 123 47 157 164
ROUTE : 31 112 189 245 328
ROUTE : 136 309 331 285
ROUTE : 368 408 293 407 51 154
ROUTE : 314 317 224 253 176
ROUTE : 147 350 215 234 267
ROUTE : 170 250 396 134 403
DEPOT 14
ROUTE : 29 58 281 312 115 80
ROUTE : 34 229 289 200 185 394 178
ROUTE : 137 231 268 269 93
ROUTE : 219 357 346 196 60
ROUTE : 138 118 366 151
ROUTE : 355 391 128 114 20
ROUTE : 152 18 116 79 65 399 111 124
ROUTE : 43 39 349 174 284 49 66 146
ROUTE : 125 42 371 27 57
DEPOT 15
ROUTE : 153 166 141 379 233
ROUTE : 133 255 186 35
ROUTE : 294 162 304 227 207 53 340 386 307 404 85
ROUTE : 110 75 106 73 103
ROUTE : 44 101 274 230 202 247
DEPOT 16
ROUTE : 59 208 377 226 221 218
ROUTE : 261 130 228 410 302 369
ROUTE : 332 251 351 50 19 54 199 361 188
EOF
