# instance=small_moderate_c
COST : 37950.7800
DEPOTS_OPENED : 12
ROUTES : 79
DEPOT 1
ROUTE : 208 78 145 459 59 407
ROUTE : 102 166 263 131 268 220 68 77
ROUTE : 408 398 247 184 442 190 152
ROUTE : 35 212 122 230 215 43 248 211 326 241 305
ROUTE : 38 200 104 344 378
ROUTE : 125 169 454 98 292 197 90 234 126
ROUTE : 361 357 97 435 456 402
DEPOT 3
ROUTE : 314 58 396 428 37 362 355
ROUTE : 100 332 182 136 108 330 231 406 390
ROUTE : 448 39 464 189 301
ROUTE : 253 115 381 432 195
ROUTE : 439 368 101 168 63
ROUTE : 233 383 325 96 254 143 51
ROUTE : 249 85 273 218 367 93 455
ROUTE : 274 394 405 259 433 347
DEPOT 4
ROUTE : 262 444 452 258 153 160 64
ROUTE : 312 49 138 192 130 319
ROUTE : 92 334 165 360 187
ROUTE : 29 409 204 401
ROUTE : 19 387 272 161 47 146 348
ROUTE : 57 176 363
DEPOT 6
ROUTE : 376 393 225 198 221 415 431
ROUTE : 177 55 151
ROUTE : 466 313 279 304 205
ROUTE : 201 118 323
ROUTE : 99 121 52 84 400 375
ROUTE : 320 46 321 449
DEPOT 7
ROUTE : 425 188 141 113 302 429
ROUTE : 328 463 76
ROUTE : 202 350 366 44 148 27
ROUTE : 399 341 282 174
ROUTE : 150 228 437 342
ROUTE : 79 451 223 324
DEPOT 8
ROUTE : 164 356 414 468 308
ROUTE : 186 175 71 88 255
ROUTE : 135 377 54 87 337 458 163
ROUTE : 299 120 158 343 261
ROUTE : 427 191 286 82 335 30
DEPOT 11
ROUTE : 89 180 242
ROUTE : 424 370 183 382 436 72 133 297
ROUTE : 170 288 21 280 173
ROUTE : 224 20 373 457 246
ROUTE : 391 275 34 291 226 243
ROUTE : 206 289 199 32 284
DEPOT 14
ROUTE : 438 229 142 181
ROUTE : 349 316 306 33 134
ROUTE : 340 132 303 137
ROUTE : 339 257 147 465 352
ROUTE : 250 374 386 48 351 315 353 159
ROUTE : 235 112 185 404 380 256
ROUTE : 193 207 111 379
DEPOT 15
ROUTE : 317 75 447 295 196 309
ROUTE : 69 445 50 70 95 285 310 271
ROUTE : 222 417 281 294 440
ROUTE : 423 106 287 467 364
ROUTE : 216 426 453 62 336
ROUTE : 329 24 22 45 167 410 86
ROUTE : 371 296 322 144
ROUTE : 119 395 67 450 80 333 162 422
DEPOT 16
ROUTE : 392 124 420 283
ROUTE : 171 338 298 443 331 237
ROUTE : 36 240 110 60 219
ROUTE : 53 359 434 267 419
ROUTE : 236 276 179 81 300 149 397
DEPOT 17
ROUTE : 172 156 244 41 74 239
ROUTE : 214 65 252 385 42 103 270 94 461 418
ROUTE : 293 129 446 251 441 430 265 209 421 25
ROUTE : 416 462 66 140
ROUTE : 264 389 269 83 307 28 117
DEPOT 18
ROUTE : 365 413 139 460
ROUTE : 155 61 210 388 372 23 238
ROUTE : 217 116 26 227 411 327
ROUTE : 178 290 114
ROUTE : 311 154 358 412
ROUTE : 318 345 203 105 157
ROUTE : 123 213 245 403 354 369
ROUTE : 56 277 127 194 40 73
ROUTE : 107 278 266 109 384 91
ROUTE : 31 260 232 128 346
EOF
