# instance=large_loose_a
COST : 7473931.2200
DEPOTS_OPENED : 22
ROUTES : 243
DEPOT 1
ROUTE : 297 573 1413 474 990 102
ROUTE : 1088 1458 296 666
ROUTE : 851 973 1347 179 101 1272 1431
ROUTE : 1423 1390 776 1440 204
ROUTE : 765 469 527 1428 481 258
ROUTE : 1116 1386 1137 437
ROUTE : 843 1259 402 1290 551 321 719 354
ROUTE : 430 1027 211 1378
ROUTE : 1349 186 317 301 763 583 910
ROUTE : 860 731 1101 45 1163
ROUTE : 674 458 342 848 1216
ROUTE : 1070 163 156 546 1176
DEPOT 2
ROUTE : 531 706 574 318
ROUTE : 1445 1126 828 223 608 1385 764 965 398
ROUTE : 1236 793 477 324 1146
ROUTE : 587 1019 1530 522 288 1186 518
ROUTE : 232 1067 1512 813 1247 1175 1084
ROUTE : 900 703 1038 1122 1297 686
ROUTE : 405 1429 950 1218 1134 1363
ROUTE : 1453 649 940 955
DEPOT 3
ROUTE : 1188 66
DEPOT 4
ROUTE : 515 215 390 918 355 533 103
ROUTE : 1002 450 801 1473 244
ROUTE : 1166 369 812 514 596 1292 492
ROUTE : 274 676 444 243 696 1392
ROUTE : 1224 52 980 312
ROUTE : 306 784 218 368 1076 79 462
ROUTE : 1136 979 353 631 722 118 472 1173
ROUTE : 811 1160 254
DEPOT 6
ROUTE : 505 1072 1318 209 772 657 1168 1242 1106
DEPOT 9
ROUTE : 1184 302 350 1110 446 330 777 464 273
ROUTE : 292 1507 1155 177 210
ROUTE : 1412 1112 1393 1306 821 1100 169
ROUTE : 1278 1418 760 285 613 137
ROUTE : 802 1421 689 844 906 871
ROUTE : 362 1172 493 913 1427 269 434
ROUTE : 260 1178 963 685 139 562 642 951
ROUTE : 992 143 694 358 160
ROUTE : 743 659 113 1368 1430 1471 595
ROUTE : 634 1281 1511 1452 1520 1527
ROUTE : 607 726 604 1348 442
ROUTE : 1185 572 1043 503 570 1196
ROUTE : 1252 187 1138 379 1009 1314
ROUTE : 785 680 263 349
ROUTE : 1342 962 1077 1022 1153 1023 1069 877
ROUTE : 488 966 901 1248 891 47 1081 508 1147
ROUTE : 1417 516 852 1359
ROUTE : 819 1254 339 418 234 126 150
ROUTE : 439 399 395 86 1132 1189
DEPOT 10
ROUTE : 1111 224 60 1441 723 606
ROUTE : 749 939 1426 1525 427
ROUTE : 809 948 1484 1174 180 127 926 1389
ROUTE : 997 255 1198 366 816 865 1194
ROUTE : 1470 1133 752 1432 1331 923 1466
ROUTE : 220 882 141 977
ROUTE : 1094 774 1299 1219 1258 1090 1369 714
DEPOT 12
ROUTE : 807 1276 1192 1114 907 441
ROUTE : 235 1063 858 408 544
ROUTE : 468 795 489 548 662
ROUTE : 114 1046 1260 1508
ROUTE : 954 1270 1003 117 283 165 1524
ROUTE : 540 331 333 341 133
ROUTE : 147 1307 637 1075 1492
ROUTE : 1397 1298 687 947 1225 861
ROUTE : 411 39 459 711 171 773
ROUTE : 338 552 810 1394 372 1232 970
ROUTE : 1215 880 578 675 112
ROUTE : 820 1353 389 136 1300 1156 652
ROUTE : 478 998 589 1308 1052
ROUTE : 429 1273 1201 815 833 309
ROUTE : 510 1317 1117 1170 648 1396 376 969 654
ROUTE : 159 1222 1496 107 1102 1209 521 708
ROUTE : 779 850 1227 528 252
ROUTE : 173 195 594 294 956 97
ROUTE : 771 569 921 1362 290 1095 1481 168 733 385
ROUTE : 1316 895 1522 566 1018 262 1320
ROUTE : 500 291 976 597 661 565
ROUTE : 651 1034 968 419 710 1089 1383
ROUTE : 293 31 818 831 154 81 766
ROUTE : 1519 902 406 1261 1239 545 138 49
ROUTE : 1012 1040 632 554 914
ROUTE : 61 170 1475 924 999
ROUTE : 1193 40 1091 1015
ROUTE : 77 1039 849 466 681
DEPOT 13
ROUTE : 92 511 643 856 1420
ROUTE : 1026 1152 982 787 1223
ROUTE : 669 1047 384 755 275 465
ROUTE : 451 617 231 905
ROUTE : 1506 246 347 203 698 213 480
ROUTE : 1064 702 106 120 286 1499 247
ROUTE : 1238 1071 449 753 74 1033
DEPOT 14
ROUTE : 653 937 1357 1480 958
ROUTE : 1528 1124 1059 1256 581 588 225 221
ROUTE : 463 563 1464 908 308 361 471
ROUTE : 1408 605 1041 1296 438 1491 1037 1463
ROUTE : 1498 808 1454 1443 1337 1021
ROUTE : 1301 1121 433 556 1402 513 445 878
ROUTE : 732 922 691 84 1087 688 1459 1439
ROUTE : 864 1372 278 846 762 1446 356
ROUTE : 523 1415 494 539
ROUTE : 1485 557 754 946 121 1395 1477 665 704
ROUTE : 1380 1217 1042 929 1020 1326
ROUTE : 340 1449 1197 1129 1447
ROUTE : 1515 1131 671 377 592 1329 129
DEPOT 15
ROUTE : 1177 934 96 1345 76 693 700
ROUTE : 109 885 1025 525 1373
ROUTE : 1364 70 832 1513 1391 370 392 267 1424 1293 241
ROUTE : 54 1483 655 1436 720
ROUTE : 668 307 915 1093 1005 280
ROUTE : 80 264 1521 683 783 555
ROUTE : 219 1056 893 1149 1051 1032
ROUTE : 322 1510 898 404 1182 357 196 619
ROUTE : 461 87 1109 499 1319 1502 699
ROUTE : 1309 1205 1092
ROUTE : 1526 388 582 140
ROUTE : 1036 738 1376 233 334 1142 1399 327 925
ROUTE : 142 894 904 1488 994
ROUTE : 1108 1221 1461 782 146
ROUTE : 1127 944 996 647
DEPOT 16
ROUTE : 1213 1237 736 547 667 1494 620
ROUTE : 960 1154 1291 1279 1462 89
ROUTE : 725 1181 543 1339 1288 911 847 128 1190
ROUTE : 1465 130 1437 122 1062
DEPOT 19
ROUTE : 611 750 207 431 628
ROUTE : 530 271 931 1135 1365 537
ROUTE : 781 1253 71 178
DEPOT 20
ROUTE : 512 424 360 796 559 1211 794
ROUTE : 759 789 315 88 639 1460 432
ROUTE : 1078 1097 1456 644 63 1457 1468 1079
ROUTE : 36 33 1004 1098 936 734
ROUTE : 190 371 799 50 1323 1010
ROUTE : 1302 1016 1165 1073 824 1315 1425
ROUTE : 1199 1451 1356 709 507
ROUTE : 206 495 132 192 284 161 630 899
ROUTE : 316 1257 1382 1171 817 482 125
ROUTE : 1400 1503 153 1419 1434 1354
ROUTE : 842 1322 1346 769 1505
ROUTE : 983 75 1336 1450 610 1286
ROUTE : 920 690 44 1467 91 1202
ROUTE : 487 245 413 1169 182
ROUTE : 299 602 640 550 740 1245 202
DEPOT 21
ROUTE : 426 314 664 131 73 1123
ROUTE : 614 37 886 298
ROUTE : 391 903 624 378 266 814
ROUTE : 942 529 250 959 1490 1324 305 1265
ROUTE : 456 935 382 42 343
ROUTE : 1243 519 1228 417 1104 897 716 78 1388
DEPOT 24
ROUTE : 68 1128 618 59 289 870
ROUTE : 1066 1341 1068 420 158 741 1282
ROUTE : 1120 585 175 627 205 227 447
ROUTE : 1360 1180 72 1031 443 1303
ROUTE : 1050 975 717 239
ROUTE : 387 532 1061 984 553 335
ROUTE : 166 1262 1312 744 416 425 1267 501 730 1230 351
ROUTE : 571 1435 1332 105 435 509 917 323 727
ROUTE : 365 41 916 1113 603 1119 1370
DEPOT 25
ROUTE : 1053 104 228 1361
ROUTE : 721 695 1086 1379
ROUTE : 1416 48 1107 485 111
ROUTE : 1255 1214 1358 194
ROUTE : 373 989 872 484 35 421 93 1162 928 577 1333
ROUTE : 498 1405 181 1234 909
ROUTE : 455 67 621 601 367 393
ROUTE : 310 1099 1482 470 658 927
ROUTE : 1501 238 1516 1200 1140 1203 879 281 568
DEPOT 26
ROUTE : 591 311 1384 835 265 188
ROUTE : 739 502 1518 1141
ROUTE : 1287 249 176 635 409
ROUTE : 747 1367 100 623 791 486 586
ROUTE : 1387 423 346 757 576 124 1338 457
ROUTE : 1082 1115 1044 1183 428
ROUTE : 1251 678 303 1013 1235 1493
ROUTE : 854 1249 672 1335 167 1487
ROUTE : 277 1240 1268 1233 1529
ROUTE : 242 830 985 329 933
ROUTE : 300 94 767 189 981 1442 270
ROUTE : 400 135 1398 798 737 993
ROUTE : 1096 304 1226 560 1006 454
ROUTE : 884 629 892 504 857 1486 483
ROUTE : 625 881 912 490 1207
ROUTE : 609 1187 1305 229 650 1374 978
ROUTE : 422 1377 584 839 51
ROUTE : 1231 837 1055 1164 1344 1476 236
ROUTE : 633 579 1000 520 626 1161
ROUTE : 453 526 1001 888 1414 1274 790 164
ROUTE : 344 826 1179 712 200 867
ROUTE : 638 751 256 319 237
ROUTE : 58 412 1269 64
ROUTE : 988 549 713 742 1057 208 972 1150 43 542 85 352
ROUTE : 541 337 1474 183 394
ROUTE : 896 108 359 415 1060 838 943 1343
ROUTE : 436 800 1157 967 276 475 561 56
ROUTE : 1328 1008 1024 240 616 496
ROUTE : 320 1311 217 775 558
ROUTE : 1014 157 69 1284
ROUTE : 1028 1469 414 890 1049 745 381 348
ROUTE : 1271 1289 155 1327 279 974
ROUTE : 1371 1409 845 1275 575 1479 172 268 862 600
ROUTE : 363 746 325 952 144
ROUTE : 123 673 729 1148 1220
ROUTE : 590 724 407 677 756 823 1294
ROUTE : 876 535 1334 636
DEPOT 27
ROUTE : 448 1159 957 1313 1330
ROUTE : 797 1304 829 728 1074 222 197
ROUTE : 1250 82 873 593 1007 38 682
ROUTE : 473 230 119 1381
ROUTE : 697 641 1277 1352
ROUTE : 1514 1500 83 148 1158
DEPOT 28
ROUTE : 476 272 866 174 803
ROUTE : 868 65 822 612 1212 261 834 257 1118
ROUTE : 185 1410 841 191
ROUTE : 46 313 761 758 840
ROUTE : 1229 660 1295 1139 564
ROUTE : 1263 1489 201 386 396
ROUTE : 1085 1523 380 295 184
DEPOT 29
ROUTE : 115 919 1058 259 953 1144 212 401
ROUTE : 440 598 1310 538
ROUTE : 1103 1011 99 383 34 1350 524
ROUTE : 806 645 1366 53 345 1509
ROUTE : 825 1210 1208 768 452 889 1241
ROUTE : 1130 162 701 62 116 1448 226
ROUTE : 1455 874 855 971 517 1401
ROUTE : 199 1029 1280 467 1340 1438
ROUTE : 1517 403 536 110 332
ROUTE : 599 287 90 707 1035 506 491
ROUTE : 1191 715 991 684 804 328
ROUTE : 1406 1246 95 397 646 1105
ROUTE : 945 1167 780 1048 152 792 460 497
ROUTE : 1083 1244 134 663 151 941 986 1472
ROUTE : 1145 149 805 869 705 670
ROUTE : 615 995 336 859 1151 875
ROUTE : 1045 198 145 1433 1266 853
ROUTE : 1054 375 1497 1375 248 887 930 214 580
ROUTE : 679 718 622 1017 949 1283 1351
ROUTE : 961 1407 251 656 55 883
ROUTE : 1495 1195 1143 692 1204 987 938 364
ROUTE : 1444
DEPOT 30
ROUTE : 788 534 282 735 193 1478 748 1422
ROUTE : 1030 1411 1206 1403 1285 1404 1321
ROUTE : 567 410 1065 57 1325 1264 964
ROUTE : 374 98 1504 863 216
ROUTE : 1125 479 253 1080 836 778 32
ROUTE : 1355 932 786 770 326 827
EOF
