# instance=small_moderate_b
COST : 42494.8200
DEPOTS_OPENED : 11
ROUTES : 76
DEPOT 1
ROUTE : 242 373 198 50 396
ROUTE : 371 172 178 29 18
ROUTE : 357 288 282 240
ROUTE : 222 262 221 372 286 404 271
ROUTE : 21 199 75 204 133 66
ROUTE : 141 40 147 83
ROUTE : 71 187 341 194 87 72
ROUTE : 138 53 54 393 182 183 112 203 57
ROUTE : 339 305 91 235 297 126 153 390
ROUTE : 261 325 73 375
ROUTE : 163 179 42 162 191
DEPOT 3
ROUTE : 334 68 56 158 268 310
ROUTE : 180 89 405 100
ROUTE : 24 176 306 409 277 300 387 363 122
ROUTE : 171 332 123 205
ROUTE : 35 184 113 188 146 270 108 135
DEPOT 4
ROUTE : 374 266 241 257 273 311
ROUTE : 236 104 254 197
ROUTE : 148 410 174 223 283 65
ROUTE : 281 239 237 416 401 243 264 41
ROUTE : 200 37 215 144 196
DEPOT 5
ROUTE : 99 101 150 208 193 167
ROUTE : 168 164 156 157 107
ROUTE : 23 127 60 81
ROUTE : 149 114 33 25 80 207
ROUTE : 115 129 143 93
ROUTE : 216 152 96 22
ROUTE : 330 250 385 313 49 154
ROUTE : 358 342 355 251 319 217 218
ROUTE : 369 212
ROUTE : 169 247 202 76
DEPOT 7
ROUTE : 338 318 307 368
ROUTE : 291 238 51 102
ROUTE : 119 30 394 233 321 304 220 312
DEPOT 8
ROUTE : 370 347 367 285
ROUTE : 364 397 366 408 412
ROUTE : 324 314 296 292 344
ROUTE : 121 343 228
DEPOT 9
ROUTE : 45 384 346 258 210 74 131
ROUTE : 195 145 105 117 36
ROUTE : 139 78 308 206
ROUTE : 110 175 411 294 142
ROUTE : 190 356 386 166 69
ROUTE : 161 181 55 124
ROUTE : 230 407 361 98 245
ROUTE : 86 63
ROUTE : 88 380 134 132
DEPOT 13
ROUTE : 213 289 316
ROUTE : 322 263 118 328 77
ROUTE : 349 32 47 109 177
ROUTE : 34 406 219 39 58
ROUTE : 335 43 267 159
ROUTE : 360 333 278 269 336 414
ROUTE : 70 120 52 400
ROUTE : 211 92 90 331 26 253 46 201
ROUTE : 44 234 279 362
DEPOT 14
ROUTE : 231 293 111 274 140
ROUTE : 103 79 189 214 155 350 59
ROUTE : 309 379 383 415 97 275
ROUTE : 64 382 340 351 260 19 337
ROUTE : 84 28 259 136 389 284 27
ROUTE : 125 315 395
DEPOT 15
ROUTE : 165 376 17 31 38 20
ROUTE : 128 106 160 209 413 85
ROUTE : 378 232 265 249 381 323
ROUTE : 130 320 248 173
ROUTE : 116 399 229 403
ROUTE : 151 377 354 280 348 48
ROUTE : 392 67 290 317
ROUTE : 388 192 391 301 137
DEPOT 16
ROUTE : 244 170 299 256 353
ROUTE : 227 327 276 365 398 225 272
ROUTE : 303 226 302 224 295 326
ROUTE : 255 329 402 352 345
ROUTE : 82 61 298 246 359 186
ROUTE : 95 252 94 62 185 287
EOF
