# instance=medium_moderate_b
COST : 72875.7700
DEPOTS_OPENED : 19
ROUTES : 150
DEPOT 1
ROUTE : 815 259 525 857 679 190 281
ROUTE : 801 770 895 526 712
ROUTE : 710 543 854 884
ROUTE : 538 723 598 800 761
ROUTE : 628 611 651 537 481 868 503
ROUTE : 807 452 575 580
DEPOT 2
ROUTE : 466 630 95 186 838
ROUTE : 613 577 891 718 379 119 622 572 749
ROUTE : 278 67 237 762 302
ROUTE : 181 240 642 145
ROUTE : 213 739 583 441 797
ROUTE : 114 643 554 673 216 217
ROUTE : 919 243 175 581 471 210
ROUTE : 896 211 877 345 421
ROUTE : 544 579 391 918
ROUTE : 223 78 87
ROUTE : 584 261 310 353
DEPOT 3
ROUTE : 282 403 226 306 182 37 908 649
ROUTE : 831 359 105 760 159 425 774
ROUTE : 845 106 64 472 334 922
ROUTE : 79 866 490 47 656
ROUTE : 81 132 491 772 475 258
ROUTE : 292 609 215 408 220 221 50 149 92 260 38 179 848 58
ROUTE : 85 219 303 83 558 667
ROUTE : 167 484 113 201
ROUTE : 264 39 102 160 265 390 702
ROUTE : 879 552 293 923 321 707 36
ROUTE : 101 399 738 661
ROUTE : 398 312 299 764
DEPOT 4
ROUTE : 93 195 309 442 76 428 164
ROUTE : 34 392 180 364
ROUTE : 57 142 487 323
ROUTE : 637 269 115 864
ROUTE : 227 369 297 504 315 523 152 56
ROUTE : 214 246 550 284 648 314 294
ROUTE : 453 59 469 229 420 496 276 268
ROUTE : 872 662 632
ROUTE : 137 461 473 330 172 45 415 455 68
ROUTE : 451 84 844 209 328 41 295
DEPOT 5
ROUTE : 136 771 834 695 443
ROUTE : 778 331 692 31 51 44 251 230 448
ROUTE : 750 510 263 176
ROUTE : 225 199 253 821 343
ROUTE : 654 208 231 795 927 457
ROUTE : 74 347 202 52 356 270
DEPOT 6
ROUTE : 659 514 727 534 779
ROUTE : 508 731 520 858 536 717 902
ROUTE : 784 97 841 853 751
ROUTE : 765 619 381 591 447 805
ROUTE : 669 587 351 705 53 529
DEPOT 7
ROUTE : 304 827 308
ROUTE : 165 427 465 507
ROUTE : 397 825 151 333 808 61
ROUTE : 467 111 687 116 665 370
ROUTE : 228 790 166 434 696
ROUTE : 422 266 874 781 204 200
ROUTE : 417 450 378 489
DEPOT 9
ROUTE : 103 913 273 147 757 513
ROUTE : 183 909 798 742
ROUTE : 734 561 436 419 748 372
ROUTE : 566 706 72 411 806
DEPOT 11
ROUTE : 754 387 744 55 819 371 98
ROUTE : 298 849 135 163 479 402 256 207 285 426
ROUTE : 747 46 586 500 725 625
ROUTE : 140 711 828 928 62 890 556 768
ROUTE : 782 100 245 464 405 389 141
ROUTE : 307 242 157 138 158 120 267 355
ROUTE : 82 249 655 254 174
DEPOT 12
ROUTE : 601 839 631 880 521
ROUTE : 852 882 733 917 883 863 859 833 515 599
ROUTE : 560 528 685 887 610
ROUTE : 758 499 621
ROUTE : 596 540 494 911 775
DEPOT 13
ROUTE : 816 545 423 722
ROUTE : 161 524 756 493 406
ROUTE : 414 42 194 674 430 755
ROUTE : 548 148 786 463 640 509 530
ROUTE : 139 188 871
ROUTE : 66 477 393 313 146 35 171 557
ROUTE : 117 89 865 570 926 672 684
ROUTE : 338 646 912 522 636 48
ROUTE : 349 124 851 860 488
ROUTE : 592 446 384 80 69 29 602
ROUTE : 914 730 837 721 906 30 173 468
DEPOT 14
ROUTE : 729 802 608 746 569
ROUTE : 720 311 291 150 776 551
ROUTE : 531 316 329 701 653 394 286
ROUTE : 759 645 418 440 122
ROUTE : 131 823 789 549 516 886 803 638 582
DEPOT 16
ROUTE : 322 94 110 96
ROUTE : 104 512 327 342
ROUTE : 77 627 539 206 867 350 212 691
ROUTE : 925 133 462
ROUTE : 480 361 335 130 40 407
ROUTE : 594 290 143 432 279 203 193 250 856 374
ROUTE : 376 358 588 715 826 476 239
ROUTE : 71 454 788 571 719 519 43
DEPOT 22
ROUTE : 118 296 326 373 799
ROUTE : 875 878 676 699 666 559 320
ROUTE : 332 624 460 382 564 410 283 178
ROUTE : 354 478 70 241 429 404 542 357 743 623
ROUTE : 129 32 724 187 482 506 449
ROUTE : 439 590 888 892 846 869
ROUTE : 86 437 431 134 169 501 109 368
ROUTE : 300 380 377 388 492
ROUTE : 352 218 272 694
ROUTE : 112 703 400 168 324 348 339
DEPOT 23
ROUTE : 576 396 677 416 767 682 156
ROUTE : 633 340 822 445 683
ROUTE : 589 189 144 375 433
ROUTE : 305 177
ROUTE : 54 123 817 236 63 235
ROUTE : 222 153 409 363 155 91 75
ROUTE : 541 401 280 881 745 616
ROUTE : 527 337 255 257
ROUTE : 248 205 73 121 346 262 693 458 65 916
DEPOT 24
ROUTE : 277 671 99 238 698
ROUTE : 876 562 870 563 904 899 533
ROUTE : 843 907 894 681 708 196 90
ROUTE : 862 385 232 107 319 459 162
ROUTE : 318 287 274 814 603 108 532 185
ROUTE : 690 424 709 154 325 289 818
ROUTE : 763 341 344 787 578 897 383 386
ROUTE : 924 791 574 367 829 804 301 474 365 127
ROUTE : 128 413 247 395 741 360
ROUTE : 288 198 438 792 192
ROUTE : 855 470 593 740 224 497
ROUTE : 234 555 905 600 836 813 660 191
ROUTE : 244 605 125 33
ROUTE : 675 889 641 652 573 233 456
ROUTE : 900 275 336 505
DEPOT 25
ROUTE : 650 678 769 535 517 668
ROUTE : 809 612 518 597 893 832 664 847
ROUTE : 626 618 697 915 732 921
ROUTE : 546 794 689 716 553 620 785
ROUTE : 657 903 680 824 773 726
DEPOT 26
ROUTE : 811 810 568 617 663
ROUTE : 901 840 737 635 835 830
ROUTE : 495 873 547 735 700
ROUTE : 565 898 714 585 796 498
DEPOT 28
ROUTE : 780 647 753 704 752 910 644 812
ROUTE : 49 670 629 607
ROUTE : 850 658 842 793 885
ROUTE : 766 615 567 736 820
ROUTE : 728 170 412 483 271 713
ROUTE : 197 184 435 783
ROUTE : 366 126 502 688 634 604 511 614
ROUTE : 60 595 639 686
ROUTE : 317 486 777 861 920
ROUTE : 362 485 252 444 606 88
EOF
