# instance=large_asym_vehicle_binding
COST : 10608783.0500
DEPOTS_OPENED : 26
ROUTES : 339
DEPOT 2
ROUTE : 376 1748 1374 2170
DEPOT 3
ROUTE : 1426 286 691 936 1002 1217 415 134 1846 970 743
ROUTE : 811 95 2069 1804 322 1680 1221
ROUTE : 483 1637 2308 2438 192 1463
ROUTE : 1918 444 1926 96 2000
ROUTE : 1776 2179 1046 336 244 2490 1749 1788 2138
ROUTE : 494 2200 909 1830 2164
ROUTE : 1743 370 1530 2326 1674 1709 732 1985 127
DEPOT 4
ROUTE : 2202 2510 1661 745 1759 902 831
ROUTE : 646 2478 231 2010 1975 2378 2065
ROUTE : 1563 1385 2237 658 273 2503 1239 2181
ROUTE : 276 277 110 729 1498 1762 2109 453 1742 1890
ROUTE : 1448 39 1120 1844 842 1012
ROUTE : 1436 1610 2371 2437 1884 1122 99 1036
ROUTE : 1395 1212 2456 883 576 1556 2075 1575 720 2533
ROUTE : 500 1932 608 1108 1548 2007 747 1184 221
ROUTE : 1893 797 1136 45 1550 467 1817
ROUTE : 1922 1068 1812 841 995 2474 2373 1659
ROUTE : 2093 1401 1681 474 2129 1121 1668 592 132 2135
ROUTE : 1494 2089 153 1107 1185 2280 343
ROUTE : 397 914 2315 159 1757 1813 2022 334 1615
ROUTE : 1822 168 830 1507 2076 2126 361 2283 219
ROUTE : 228 1197 1951 88 595 986 1945 1074
ROUTE : 788 1591 139 2259 1111 1963
ROUTE : 2229 306 591 414 303 2426
ROUTE : 501 790 120 70 2296 133 1328 802 391
ROUTE : 582 1147 1734 1652 60 1600 1775
ROUTE : 480 1714 1992 1567 240 870 1252 1580 2469 2333
ROUTE : 1256 2328 1306 2313 833 402 1343
ROUTE : 1603 998 1720 1983 1933 1690
ROUTE : 2002 1132 783 51 1656 1832 778 1852 2344
DEPOT 5
ROUTE : 999 1923 1738 1521 1660 860 1790
ROUTE : 650 2151 801 647 585 2493 1664
ROUTE : 1969 675 623 1723 792 685
ROUTE : 1716 789 2360 2154 1574 1186 727
ROUTE : 1627 1854 1269 1030 1821 594 2172 2388
ROUTE : 1420 149 2485 2070 81 75 559
ROUTE : 2195 569 318 2189 955 1553
ROUTE : 1160 2361 152 835 90 796 1365
ROUTE : 230 2314 63 47 2033 218 820 555 1499
ROUTE : 1713 2215 442 1258 886 2099 172 209 1673 1016
ROUTE : 338 1778 2505 2005 1511 938
ROUTE : 490 2171 2024 1159 1809
DEPOT 6
ROUTE : 911 186 478 787 2201
DEPOT 9
ROUTE : 1604 573 1070 1558 2141 1081
ROUTE : 1334 1076 872 250 1207 2367
ROUTE : 1004 731 1235 1459 1418 2023 2345
ROUTE : 1474 2185 385 2042 1755 2081 1617 705 1280
ROUTE : 1037 633 2028 877 1930 1915 1149 1208
ROUTE : 940 297 164 2299 489 2168 1679 2366 1549
ROUTE : 1354 1288 2176 1562 1137 1899
ROUTE : 2337 2380 74 1471 487 1342 2332
ROUTE : 498 2480 577 655 185 845 847 2324 1807
ROUTE : 378 383 2020 547 1773 766
ROUTE : 1939 1402 1043 2105 1465 1529 852
ROUTE : 1169 840 2175 1827 257 1537 326 1715
ROUTE : 648 2347 1369 178 1451 1504
ROUTE : 923 1599 1262 1050 780 738 1970
ROUTE : 866 1980 748 1849 1886 843 2509 1546 2191
ROUTE : 2057 1154 2278 1144 2255 529
ROUTE : 724 1044 307 1643 2330 1134 430 1948 1085
ROUTE : 1527 1077 2416 1391 424 507
ROUTE : 1447 1452 2264 2412 64 980 1278 1015 188 1200 2343 1937
ROUTE : 398 1571 156 53 2150 2194
ROUTE : 1322 771 254 197 1624 2400
ROUTE : 586 2267 1824 2234 2159 1084 1433 846 2424 964 1684
ROUTE : 597 203 300 1906 776 1698 1942 1305
ROUTE : 1910 1243 1173 422 1506 301 1287
ROUTE : 1425 157 1816 2440 742 145 1534 1131
ROUTE : 562 1057 1516 1811 339 1568 2273 2362 471
ROUTE : 1125 2346 2265 1191 578 1009 116 1733
ROUTE : 2160 495 1500 1874 2003 1532 1033
ROUTE : 1233 1644 629 1283 757 1163 1048
ROUTE : 515 763 223 1403 2048 2092
ROUTE : 459 983 2476 118 1858 1740
ROUTE : 1569 1760 1024 1435 2431 1598 411
ROUTE : 2228 1865 1497 1901 910 777 531 2258
ROUTE : 2015 2335 69 308 665 2300 2102 1560 320
ROUTE : 1096 1898 1214 1654 377 2084 93 1670 171 242
ROUTE : 1440 817 1213 1298 1090 1116
ROUTE : 2338 1982 146 2297 1834 1593 517
ROUTE : 1324 813 904 267 208 2459 1579 1417 367 2132 2148
ROUTE : 503 651 2006 941 82 1746 1779 1666
ROUTE : 1710 1683 2518 1260 2466 1192 1751
ROUTE : 137 1286 874 1805 2143
ROUTE : 1540 1819 1635 865 1413 147 2432 272 2071
ROUTE : 1856 1064 616 992 2038 1052 871 826 1423
ROUTE : 321 2441 706 1245 2436 2254
ROUTE : 106 896 143 546 2410 1763 187 2094 1129
ROUTE : 1460 1056 1204 1303 863
ROUTE : 2031 1378 264 2381 1629 71 151 807
ROUTE : 2390 283 2196 1857 2537
ROUTE : 596 1908 953 1957 679
ROUTE : 1605 1373 2409 575 2029 1126
DEPOT 10
ROUTE : 2531 2032 903 869 1067 1282
ROUTE : 506 2110 2219 165 2287 2123 2386
ROUTE : 1724 333 412 1642 1872 1199 1965 906
ROUTE : 2307 880 1444 1935 956 849 1936 823
ROUTE : 79 441 436 2329 659 774 2100 2245
ROUTE : 2073 1399 2079 1727 1949
ROUTE : 509 384 545 1242 968 1768
ROUTE : 736 1086 2125 1230 918 561 331
ROUTE : 1247 1510 1370 1947 1997 1756 943
ROUTE : 1634 684 962 702 1008 105 2262
ROUTE : 435 2203 2133 1007 1105 1526 1140 2496 1333 1271
ROUTE : 1669 2250 2516 775 315 2090
ROUTE : 243 169 62 1552 325 996
ROUTE : 1990 753 571 1468 131 128
ROUTE : 1080 828 1065 1961 1682 1486
ROUTE : 174 43 1409 246 1769 2429 1216 2331 2220 527 1454
ROUTE : 1618 2413 1787 1973 726 1279 1907 59
ROUTE : 201 2120 373 1487 1458 182 372 2134
ROUTE : 1522 1106 2218 150 452 893 2481 2536 523 401
ROUTE : 457 1595 2103 1118 1178 712
ROUTE : 2030 922 262 1098 1747 1561 1429 98
ROUTE : 353 1237 1158 2377 2037 1729 247 1357 1956
DEPOT 11
ROUTE : 2001 2188 285 615 607 2486 1272 834 927
ROUTE : 1042 1264 2303 1332 1139 1010
ROUTE : 2122 119 215 1765 1145 1685 1905
ROUTE : 109 1691 196 2500 155 1265 1253 1841 2059 2420
ROUTE : 319 2291 1791 773 1390 1013 2284
ROUTE : 898 142 408 989 785 497
ROUTE : 2406 1123 1588 73 2131 349
ROUTE : 2096 2050 407 2182 975 239 1412 1273 2422
ROUTE : 1130 1833 2508 256 678
ROUTE : 2146 2323 2072 1100 1639 803
ROUTE : 1345 2321 2221 808 755 291 416 1363 1176 493
ROUTE : 2104 1054
ROUTE : 389 2087 1663 654 403 2336
ROUTE : 2165 2526 103 619 1143 1477 347 1754 1189 979
ROUTE : 284 1513 1875 612 1032 1842 798 1895
ROUTE : 1658 1677 417 687 237 2058
DEPOT 13
ROUTE : 1193 2395 1469 1461 2532 2473 2342 1314 141
ROUTE : 935 479 1736 1612 1920 160 1249
ROUTE : 2266 1836 2529 1276 2322
DEPOT 14
ROUTE : 287 2534 1968 1092 2239 1476 1456 1557 1142 721 181
ROUTE : 1649 1667 1572 728 1592 751 1255
ROUTE : 631 1368 1860 292 760 694 784
ROUTE : 2523 366 405 1227 905 2449 1293 512 369
ROUTE : 1019 2435 1466 332 2011 1721 2528 428
ROUTE : 1292 703 2304 476 2192 2396 113 2497
DEPOT 15
ROUTE : 1312 570 988 1916 1445 1238 1820
ROUTE : 723 538 1099 767 371 485 420
ROUTE : 1061 526 232 540 44 2252 1441 994
ROUTE : 335 138 1696 598 2411 1319
ROUTE : 885 1894 1630 2375 1555 1266 2489 1389 1141
ROUTE : 1739 887 553 368 1211 2049 924
ROUTE : 1034 1900 528 912 2460 2025
ROUTE : 1475 1514 1972 590 971 1502 832
ROUTE : 176 2393 2166 248 1424 2403 686 993
ROUTE : 2383 622 952 1162 2008
ROUTE : 101 714 481 1003 1808 695
ROUTE : 642 461 1528 1771 348 317 516
DEPOT 16
ROUTE : 858 1347 696 1133 851 895 997 2053
ROUTE : 488 966 1896 91 1428 2457 1257 200 1431 756 2095
ROUTE : 1075 1998 1103 1994 725 351 600 102
ROUTE : 1767 1706 94 825 990 2004 2243
ROUTE : 1531 1488 1442 671 2153 475
ROUTE : 1295 1078 1869 1344 2339 1496
ROUTE : 2225 2538 574 2144 925 1987 937 1545
ROUTE : 505 2235 1848 1862 692 1220 434 330
ROUTE : 1622 1155 530 649 1611 1971 1179 2190
ROUTE : 1505 1958 1996 1745 2257 154 1224
ROUTE : 1490 1470 395 2318 1847 217 1508
ROUTE : 627 946 1954 1040 2272 1104 1439 1688 1311 1881 1653 1408
ROUTE : 749 1543 2193 959 1234 455 663 1640 2290
ROUTE : 907 49 1921 1023 520 2488 640 2430 718
ROUTE : 2355 2114 281 1570 1375 1168 1300
ROUTE : 894 666 958 302 1110
ROUTE : 552 568 114 1325 1112
ROUTE : 1774 2385 2404 80
ROUTE : 2434 901 170 2439 1058 2498 1310
DEPOT 17
ROUTE : 482 2327 199 1313 2286 1041 676 1297
ROUTE : 249 1722 210 1826 2357
ROUTE : 278 440 2382 1182 437
ROUTE : 1799 1495 296 1554 1589 2271
ROUTE : 2260 768 2407 1786 204 636 190
ROUTE : 421 465 1172 2211 1853 1170 1291 1187 2199
ROUTE : 1353 2519 92 390 1251 1940 2136
ROUTE : 1789 2451 269 2446 669
ROUTE : 2484 502 1701 431 2240 2124 290 1446 1829 2504 2112
ROUTE : 288 1071 2230 1585 2372 1792
ROUTE : 589 1338 1665 2039 460 393 327 579
ROUTE : 2279 191 1931 689 2306 1059
ROUTE : 829 1316 207 1801 2052 1244
ROUTE : 2458 1676 1437 472 388 965 770 2009 1372
DEPOT 19
ROUTE : 2184 2067 392 711 2088 2442 1254 542
ROUTE : 458 2047 2472 626 610 1275 464 1089 360
ROUTE : 2118 2402 1135 602 148 1481 2208
ROUTE : 2282 2465 1573 260 2374 2305 1938 868
ROUTE : 800 2414 1586 1524 456 1302 2263 1001
ROUTE : 1934 1063 2210 443 638 52 1124
ROUTE : 1583 1225 135 739 1290 1657 1838 704
ROUTE : 2363 873 525 1346 220 2288 259 67
ROUTE : 2209 564 2156 1150 55 2447 618 1675 921
ROUTE : 567 2294 544 282 2281 2040 1339 1868 888
ROUTE : 1274 1655 1904 447 342 1383 1517
ROUTE : 2217 1352 2177 2515 386
ROUTE : 913 1480 981 77 1038 1222 541 274 930
ROUTE : 1449 899 667 1127 180 1128 439 313
ROUTE : 818 2495 491 1181 1700 379 1943 2061
ROUTE : 2246 2213 213 2161 1614 1005 1156
ROUTE : 295 656 1248 1912 2119 690 518
ROUTE : 1609 1049 1703 1602 916 337 1152 1062 2349
ROUTE : 1519 2387 1631 122 352 1638 2433 560 1793
ROUTE : 2080 375 2392 1351 1647 1735 634 2285
ROUTE : 954 1697 2289 1815 126 432 1989 514 1396
ROUTE : 1978 1889 1268 554 1671 2468 1594
ROUTE : 406 2445 2155 340 1320 251 1731 1861 1151 226
ROUTE : 674 715 189 2222 2214 1770 919
DEPOT 20
ROUTE : 2408 161 524 1732 617
ROUTE : 1180 1102 1902 1839 253 2311 2055 2470
ROUTE : 293 1045 2140 2036 1079
ROUTE : 580 1578 86 744 1177 1485
ROUTE : 1758 396 2216 681 1457 1851 804 1927
ROUTE : 1025 58 2475 2310 2351 2358
ROUTE : 1512 1115 117 700 1541 593 1356 1797 469 2233 2492 2479
ROUTE : 1317 175 961 2511 1962 2027 1597
ROUTE : 645 463 1304 664 2370
ROUTE : 510 68 2461 1464 1348 1678
DEPOT 21
ROUTE : 609 1167 1335 710 1315 1091 394 125 2298 853
ROUTE : 1367 344 2128 1984 1483
ROUTE : 1138 167 1750 1148 917 1088 48
ROUTE : 2054 1831 1712 2186 939 890 2248
ROUTE : 761 1097 722 2379 1161 346 429
ROUTE : 661 1094 2224 124 2454 1887 1083 950 345
ROUTE : 2158 855 1828 2467 1794 2319 1885
ROUTE : 1263 121 2244 1976 881 539
ROUTE : 2356 1231 809 1017 123 2232
DEPOT 23
ROUTE : 1577 2365 2317 1864 947 1784 934
ROUTE : 1547 730 1705 928 205 1880 2085
ROUTE : 2163 2483 1219 1952 1601 473 1928 2019 1014
ROUTE : 680 2043 2045 1539 900 2077 735 72 1364
ROUTE : 1415 2482 1432 2197 1226 255 806 1330
ROUTE : 1175 311 2227 1388 462
ROUTE : 1964 2018 1986 532 563 565 1379 374 2068 758
ROUTE : 354 2113 1587 1146 1825 1069 2238
ROUTE : 945 433 974 682 897 2035 1892 1072 2256 166
ROUTE : 581 1538 754 2341 329 115 1055 628
ROUTE : 1707 387 2097 438 1581 2425 741
ROUTE : 782 1810 2401 1117
DEPOT 25
ROUTE : 566 1321 985 746 1672 2450 1359
ROUTE : 1308 535 2013 1355 89 2419 1708 87
DEPOT 26
ROUTE : 1416 637 1394 1323 1362
ROUTE : 158 1796 2427 908 309 2021 381 1888 1730
ROUTE : 1405 1215 466 2207 2167 824 271 328
ROUTE : 234 1153 1863 1381 1427 2142 1944 2137
ROUTE : 355 815 683 644 1232 496 1883 812 521
ROUTE : 1188 238 794 2253
ROUTE : 2212 2078 1020 1636 1331 1493
DEPOT 27
ROUTE : 2399 2115 245 781 2453 2312 1626 2187 1171
ROUTE : 2064 1082 2368 2302 857 470
DEPOT 28
ROUTE : 1717 1741 2364 984 76 2117 1489 1646
ROUTE : 1564 1060 2180 2499 1095 657 1955
ROUTE : 2130 1814 97 304 1326 1398
ROUTE : 1693 1876 652 643 693
ROUTE : 2017 1960 268 822 2098
ROUTE : 1109 2074 765 2157 557 1520 450
ROUTE : 859 1361 198 130 621 2415 350 194 926 202
ROUTE : 1467 2173 605 83 884
ROUTE : 270 1966 698 298 1509 212 358
ROUTE : 173 312 1699 625 861 2452
ROUTE : 750 641 2270 875 2277 2350
ROUTE : 229 1619 1843 1616 492 1039 821 1974 1492
ROUTE : 1911 2514 235 61 1194
ROUTE : 976 1027 519 314 1795 1223
ROUTE : 1285 2268 1438 603 2517
ROUTE : 1761 2394 882 1434 786 891
ROUTE : 1840 948 1397 2423 1882 1967 449 42
ROUTE : 1400 1022 932 639 359 2169 2051 1606 1209
DEPOT 29
ROUTE : 1174 2127 987 2359 1623 762 294
ROUTE : 1551 1695 1336 816 305
ROUTE : 1692 1845 677 56 969 2251 1384 266
ROUTE : 1462 280 534 50 513 1190 536 548
ROUTE : 2491 427 54 1393 2034 1337 1307 1764
ROUTE : 611 848 2520 1360 241 839
ROUTE : 2527 624 216 1859 1411 697 2464
ROUTE : 1478 2487 2293 862 380 1633 2494
ROUTE : 2062 2116 184 2463 620 1407
ROUTE : 1340 316 949 1299 1835 1979 2513
ROUTE : 1261 1981 2522 2391 2535 1482
ROUTE : 1995 2340 879 65 793 2086
ROUTE : 104 1414 423 2316 2352
ROUTE : 2524 1380 1294 1422 211 878
ROUTE : 1718 2507 2369 85 584 864
ROUTE : 915 2091 1596 363 1806
ROUTE : 2046 1909 1953 2063 1164
ROUTE : 1165 1728 1536 299 163 195 1195 2174
ROUTE : 1877 1737 1066 670 1093 183 931 1419
ROUTE : 2376 2455 2198 1781 533 672 2231
ROUTE : 779 957 1087 1443 1870 2295 1358
ROUTE : 341 425 1613 1000 1566 752 713 1203 1651
ROUTE : 1270 426 632 1073 2016 854 1687
ROUTE : 1924 413 214 836 2205 112 1535
ROUTE : 2162 1648 2525 2242 2082 1382 1879 719 107 2261
ROUTE : 111 635 688 399 362 57 543 356 1281 606 1026
ROUTE : 759 2107 2512 1608 1206 1259 717 2108 733
ROUTE : 2106 1914 1694 707 1453 963 699 1376 1913
ROUTE : 1929 558 1897 2269 279 1018 1501
ROUTE : 819 1166 856 261 1205 1047 227 1866
ROUTE : 206 844 838 1533 2462 892
ROUTE : 1241 1329 613 1800
ROUTE : 2334 604 1946 551 1766 1871 1607
ROUTE : 404 108 673 978 1392 1565
ROUTE : 504 991 2471 2204 1752 1686 1371
ROUTE : 1702 1662 951 1267 448 136 2418 1119 41 1988 1284
ROUTE : 1387 942 1999 2249 2275 1246 1641 1228 709 2247
ROUTE : 1011 289 2521 1625 1993 601 1240
ROUTE : 2056 1236 1518 323 1051 2206 129 2477 1250
ROUTE : 1421 1917 236 772 1559 140
ROUTE : 1218 1650 1689 1867 2502 84 583 944
DEPOT 33
ROUTE : 1277 1525 2223 1726 2444 1021 1327 222 233
ROUTE : 2241 2111 630 2044 1053 522 1349 2274
ROUTE : 982 508 920 1114 734
ROUTE : 973 1785 1296 1753 1318 1632 2428 1491 850 1484
ROUTE : 2149 1798 599 810 1903 1645
ROUTE : 967 2405 1802 653 419 2012 66 867 2501
ROUTE : 1410 1472 1430 837 2147 805 252 2083 764
ROUTE : 1455 1028 1780 1991 100 258 265 708
ROUTE : 499 225 929 1576 1704 740 46 2301 588
ROUTE : 737 668 889 2292 486 1198 1035 418 791 451
ROUTE : 1479 1101 1450 454 2417 549 2384 477
ROUTE : 2448 2026 587 162 1959 1544 1386 1590 1850
ROUTE : 1183 2421 660 1350 556 364 2506 2060 1621 1201
ROUTE : 827 177 1196 1289 2101 933 1202 2325
ROUTE : 1406 2139 275 1941 799 2152
DEPOT 34
ROUTE : 1878 769 382 179 1837 263
ROUTE : 1919 40 1855 1950 78
ROUTE : 2443 1628 2121 1029 1582 2041 876 400
ROUTE : 977 701 1719 1744 1584 310 537 144
ROUTE : 1157 1620 1925 2348 224 2066 550 2276 795
ROUTE : 1823 1711 324 1803 2389 2236 814 1031
DEPOT 36
ROUTE : 1210 193 716 1782 484 2145 1977 1542 365
ROUTE : 445 1772 1515 2398 2178
ROUTE : 2530 2309 972 1783 1777 1873 1473 2183 1377
DEPOT 37
ROUTE : 1341 511 662 1366 409 2320
ROUTE : 357 1113 468 960 2353 2014 1818
ROUTE : 1006 2397 1309 1523 614 1404 1229 2354
ROUTE : 410 2226 446 572 1301 1503 1725 1891
EOF
