# instance=large_moderate_b
COST : 7451229.0900
DEPOTS_OPENED : 28
ROUTES : 253
DEPOT 1
ROUTE : 919 1966 2236 1384 1309 1626
ROUTE : 853 1863 489 1459 1126 2192 1412 1338 983 2181 1631 1336 1575 448
DEPOT 2
ROUTE : 549 1385 2224 1574 1992 1762 1404 1836 550 587 918 1070
ROUTE : 962 1508 1414 686 1095 2062 573 1169 1812 737 511 1400
ROUTE : 1453 2030 329 2154 1204 2161 2156 1886 733 657
ROUTE : 528 973 2210 1056 2076 1673
DEPOT 3
ROUTE : 1797 938 571 294 914 2113 1906 1748 450 2072
ROUTE : 788 238 2121
ROUTE : 501 879 1544 1064 1190 803
ROUTE : 784 428 348 1194 1977 1752 2110 794 1236 735 1042 1935 932 2215 2037
ROUTE : 2060 1873 242 118 1071 2108 2205 453 1325 1905 1000 1528 1535 250 1794 2128 600
ROUTE : 959 568 1921 170 1049 1997
ROUTE : 1909 1278 419 2073 710 1410
ROUTE : 1106 808 1037 157 1155 1904
ROUTE : 163 826 2010 543 421 334 97 1787 1124 841 237 1726 1090
ROUTE : 225 606 672 950 350 1431 1734 1727 494 743
ROUTE : 1549 1861 839 1486 2165 1539 2138 1374 1440 198 1302 774 502 956 1244
ROUTE : 1558 1506 1198 490 133 911
ROUTE : 1304 1636 270 1796 283 674
ROUTE : 778 1793 1094 1831 1232 220
ROUTE : 1617 809 85 1326 2197 351 1092 637 353 585 484 1985 949
ROUTE : 1598 1551 1757 213 581 1988 2201
ROUTE : 1156 1285 1993 2102 1083 1265
ROUTE : 175 617 892 762 1183 300 1859
ROUTE : 589 394 1638 848 590 1710 1654
ROUTE : 785 1361 1730 1378 1144 1120 676 121 415 1138 314 2109
ROUTE : 688 1536 1137 2185 1380 192 456 1620 707 102
ROUTE : 541 975 2164 2033 2063 2014
ROUTE : 1538 2131
DEPOT 4
ROUTE : 2238 375 878 1949 212 1269 2094
ROUTE : 1172 1885 1031 147 685 578 2044 1448 497 1239 169 1165 54
ROUTE : 1870 312 2061 750 651 308
ROUTE : 1376 761 1835 1111 2151 1311 1776 1513 827 583 126 555 828 747 1754 1764 877 95 1038 1097
ROUTE : 1868 1928 1643 547 924 612 712 2084 446 2153 1954 1755 2233 1480 1129 2130 2212 2168
ROUTE : 921 1659 1085 705 1672 1158 1329 1340
ROUTE : 406 150 288 1323 678 1649
DEPOT 5
ROUTE : 2140 1880 2155 1142 1933 1593 1233 539 1913 281 92 174 642 1580 444
ROUTE : 96 1916 1146 890 1818 2174 449
ROUTE : 1678 527 2229 854 717
ROUTE : 694 1515 1170 1381 1552 1005 1370
ROUTE : 1554 1563 1829 943
DEPOT 6
ROUTE : 201 846 1251 875
DEPOT 7
ROUTE : 248 1981 2092 1360 1473 1815 257
ROUTE : 1358 219 395 328 701
DEPOT 9
ROUTE : 396 1714 457 1058 906 76 873 429 1572 1084 2086 1065 385 316 1968 1271 1653 2195 884
ROUTE : 209 479 1008 425 514 2081 570 787 1893 1936 261 1328 1187 2207
ROUTE : 1209 1475 451 872 1047 2159 1288 122 290 2143 1531
ROUTE : 1946 546 1959 1663
DEPOT 10
ROUTE : 2024 1350 116 730 835 961 1402
ROUTE : 1191 1951 1897 1023 1521
DEPOT 12
ROUTE : 517 755 1939 734 1228 2139 1439 1684
ROUTE : 2066 1101 994 1069 1883 1610
ROUTE : 1701 1559 576 847 1176 1212
ROUTE : 1175 1961 56 258 777 2106 998
ROUTE : 1343 1109 1119 719 1810 337 819 1550 981 2029 1226 1525 536 1816 681
ROUTE : 271 1438 1602 221 297 595 1202 140 604 289 324 332
ROUTE : 2059 670 503 286 1088 2016 455 2221 1704 971 1609 331 2237
ROUTE : 591 1834 822 1383 1420 1281 183 1289 1234 111 751 615
ROUTE : 939 1422 1615 1145
DEPOT 13
ROUTE : 1490 1062 470 830 1685 1753
ROUTE : 1780 1272 535 1449 703 322 1279 2085
ROUTE : 984 1314 154 592 352 103 1600 2023 2200
ROUTE : 1634 1691 1303 1093 252 1746 299 1749 2145 53
ROUTE : 996 454 1697 1530 1476 46 431 135 1102 1341 1578 1760
ROUTE : 572 525 2027 937 499 1841 1081 1922 420 437 114
ROUTE : 1770 813 768 1881 1584 2082 2184
ROUTE : 1606 93 268 44
ROUTE : 805 1425 2104 1510 218 226 253
ROUTE : 1241 1186
ROUTE : 98 697 1006 1055 1980 1687 804 447 858 1895
ROUTE : 191 1321 627 410 800 162
ROUTE : 1982 1604 802 965 2199 1669 1825 1123 423 1134
ROUTE : 1454 1693 1864 458 1581 2098 721
ROUTE : 519 1950 523 851 2077 1393 2112 1444 1193
ROUTE : 1790 760 1689 1163 586 553 881 443 231
DEPOT 14
ROUTE : 1391 748 1677 640 714 87 1192 618 1224
ROUTE : 1357 1362 2004 807 204 2075 1774 277 817
DEPOT 16
ROUTE : 1061 1185 1203 2070 176 1293 810
ROUTE : 1866 1967 1840 775 430 1443 1267
ROUTE : 1805 558 1854 739 293 2190 1335 2232 377 2183 2013 551
ROUTE : 112 1828 619 1782 929 2078 1586 414
ROUTE : 1447 155 862 2213 1564 1970 1148 1569 886 790 2067 1621 370 1686 393 759 1901 797
ROUTE : 1801 1344 928
ROUTE : 2227 1483 1890 1725 1719 1217 510 335 1135
ROUTE : 1352 1929 439 358 1208
DEPOT 17
ROUTE : 548 953 781 1167 354
ROUTE : 2046 1765 1511 1333
ROUTE : 482 445 1639 1869 388 1565 251 2015 1150 82 1478
ROUTE : 1943 2095 729 1197 1017
DEPOT 19
ROUTE : 1585 1972 1819 1348 1041 2180 1469
ROUTE : 229 1457 1964 1247 487 964 513 1989 63 1789 1339 1899 1048
ROUTE : 1195 1900 2198 409 1013 301 264 1924
ROUTE : 829 1432 1699 1996 903 2103 1451 1651 636
ROUTE : 909 648 1377 526 594 131 1566 2021
ROUTE : 1813 380 1759 1976 898 1637 1947 460 99
ROUTE : 844 955 1394 1270 554 1465 1743
ROUTE : 190 625 611 1862 985 882 2230 1072 2137 577 1182
ROUTE : 1543 1104 1256 812 181 1207 1277 1740 687 500 1724 284 1588 1709
ROUTE : 1758 671 979 861 1359 1043 2031 922 355 1177
ROUTE : 40 1809 159 1310 2146 2169 2235 1050 1296 1356
ROUTE : 1196 1865 1441 143 980 1824
DEPOT 21
ROUTE : 2220 982 1711 1143 1372 1221 1847
ROUTE : 2191 1091 1940 1136 1306 180
ROUTE : 215 1616 2011 1923 1151 1739 84 1345 373 39 2087 1681
ROUTE : 1715 235 263 1849
DEPOT 22
ROUTE : 1154 820 1948 754 1723 1463 988 1898 1742
ROUTE : 1706 1674 2211 234 1756 1878 376 463 206 1258
ROUTE : 1938 505 2002 976 1867
ROUTE : 1460 907 338 493 1396 1243 1640 275 228 434 1879 467 859 1520 1087 341
ROUTE : 1516 151 136 477 1633 1720 645 530
ROUTE : 1492 259 1896 291 834
ROUTE : 1301 1110 2049
ROUTE : 607 1140 946 766 165 1406
ROUTE : 871 1786 799 483 1280 1347
DEPOT 23
ROUTE : 816 2133 1957 74 435 45 1519 1680 2123 1184 597 629 1822 876 2083 1250
ROUTE : 1021 1942 1562 65 944 1570 413 1428
ROUTE : 1436 1532 1074 1934 282
ROUTE : 655 1851 545 2101 83
ROUTE : 392 823 1850 643 1452 2091 2093 2065 506
ROUTE : 1426 323 2041 1641 658 855
ROUTE : 1007 459 1613
ROUTE : 1238 1405 1548 387
DEPOT 24
ROUTE : 693 1225 769 1676 1853 521 726 1230
ROUTE : 292 361 1623 632 1665 109
ROUTE : 1275 418 1435 1349 472 1011 2069 2080 1474 260 821 119
ROUTE : 340 2194 69 668 2187 635 342 621 1975 1732 1629 1264 1542
ROUTE : 905 709 1259 427 728 684 142 1389 1911 732 692 2074 391 1387
ROUTE : 995 1442 1493 374 1705 214 1117 960 399 512
ROUTE : 1375 1962 1294 474 616 1171 89
ROUTE : 378 1773 1768 1299 639 783 849 1434 843
ROUTE : 1324 1415 1022 1052 1855 1941 164 814 1821 400
ROUTE : 68 923 796 580 2017 1173 178 1583 1424 78
ROUTE : 1160 677 842 2126 1594 742 1702 64 868
ROUTE : 298 1555 893 913 476
ROUTE : 1067 696 2160 1969 1164 132 1266 1918 1763 1312 1838 622 182
ROUTE : 186 148 1698 2009 1545 1342 723 1132
ROUTE : 313 575 137 1168 91 2152 874 2020 613 798 1113 1461 1020 1464
ROUTE : 1491 2043 1025 537 1105 1260 1388 1399
ROUTE : 967 1118 156 1514 2134 1991 2150 2048
ROUTE : 115 452 272 856 1201 158
ROUTE : 90 838 1416 1133 468 986 532 363
ROUTE : 992 189 1330 138 72 941 1744 1937 1467 1628
ROUTE : 1367 1116 1795 1128 2032 1369 708 2055
ROUTE : 1429 825 1273 702 171 1379 1512 1872 731 1322 997 1608 1220 824 661 491 1798 896 200
ROUTE : 1153 236 1605 1781 860 1627 1662 1974 424 746 1254 1368
ROUTE : 1411 120 344 1963 1284 837 1257 689 105 1355 2057 495
ROUTE : 1777 1423 1522 1499 933 1766 498 42 1871
ROUTE : 836 1098 379 1903 1971 1427 2064
DEPOT 25
ROUTE : 566 863 1718 188 711 2111
ROUTE : 1553 1421 416 1860 968 931
ROUTE : 462 441 2202 1817 194 749 1944 1466
ROUTE : 1497 1180 1298 2090 1010 2116 1076 333 1089 255 716 2026
ROUTE : 1115 1800 1255 369
ROUTE : 349 302 426 325 574
ROUTE : 567 1308 1245 365 2127 240 466
DEPOT 27
ROUTE : 279 934 870 1888 1268 461 307 2144 1703 203
ROUTE : 1587 1645 1498 1489 403 628 1462 664
ROUTE : 473 285 1998 1337 1785 1125 50 1582 1791 1199 1804 993 1914 1666 58 117 1694 1953 1882
ROUTE : 789 544 1622 2173 185 2142 366 488 1784 1040 1246 1874 411
ROUTE : 1027 327 786 88 662 469 563 1494 969 509
ROUTE : 205 306 2099 1733 1242 146 623 73 1956 1887 552 1488
ROUTE : 880 660 2039 1229 584 1028 738 2162 901 2170 2025 239
ROUTE : 241 2157 1034 274 1960 1373
ROUTE : 1004 683 397 1876 1560
ROUTE : 1458 1526 1915 2019
ROUTE : 1485 360 1712 1407 559 1647
ROUTE : 899 2122 641 2129
ROUTE : 1036 1537 1297 2204 620 1845 631 1979 1313
ROUTE : 1920 1222 2193 1601
ROUTE : 718 2225 700 2089 647 1045 1577
DEPOT 28
ROUTE : 1181 1215 1561 66 1108 390 244 326 2034 908 1300 2000 1364 2001 196
ROUTE : 1174 1496 741 2234 540 832 1044
ROUTE : 2182 1983 310 440 216 1658 480 371 1437 1468 1290 1747
ROUTE : 2175 79 1884 1533 208 653 408
ROUTE : 1030 1159 2223 534 47 1721 897 2052 1683 756 295 436
ROUTE : 1261 1035 722 1077 104 296 168 1844 831 1912 614 1484
ROUTE : 646 1750
ROUTE : 1039 1995 1771 139 153 1877 1579 1917 2179 745 791 1767 1227
DEPOT 32
ROUTE : 167 727 1573 2132 2038 67 478 145
ROUTE : 1200 1728 1073 1965 1051 417 951 850 1235
ROUTE : 309 1642 1505 1317
ROUTE : 1331 1945 398 927 1079
ROUTE : 304 638 1737 1692 1149 2125 318 601 1365 1401 412 954 222
ROUTE : 1808 1057 1455 1371 2097 690 1518 475 1576 345 1650
ROUTE : 106 1832 1032 1611
ROUTE : 753 663 227 1430
DEPOT 33
ROUTE : 1292 1354 1618 2222 682 2053 1206 889 359 2054
ROUTE : 2186 2176 654 1189 1319 1003 276 101 1507
ROUTE : 779 1152 2208 1806 321 1386 608 1811
DEPOT 34
ROUTE : 1833 77 757 1122 2007 364 1729 626 1392 529 883
ROUTE : 1305 311 57 780 184 1166 230
ROUTE : 1334 565 1807 43 1599 602 1408
ROUTE : 100 579 2088 60 486 1417 1456 1216
DEPOT 36
ROUTE : 1433 665 1664 1590 974 910
ROUTE : 278 1802 920 1668 422 598 247 1249 1592 1984 1682 887 1597 51
ROUTE : 1147 402 588 1276 1283 972 698 1846 1139 1482 1409 2050 773
ROUTE : 1178 177 1987 407 2068 1842 382 315 758 1848 2115
ROUTE : 991 792 891 963 1033 1571
ROUTE : 442 2196 405 1141 1843 811 1024 2167 987 1671 630
ROUTE : 1919 531 305 1450 1018 795 2100 1211 1656 339 320 970 1741 603
DEPOT 37
ROUTE : 1395 1713 736 2018 1240 1892 867 1219
ROUTE : 1529 1059 62 1875 319 596
ROUTE : 1707 81 1318 269 652 2079
ROUTE : 2005 917 900 1517 1487 367
ROUTE : 1205 372 1902 1107 1568 599 930 1363 1607 1644 107 518 1252 2035
ROUTE : 888 110 2058 977 1717 2172 1063 86 691
ROUTE : 2216 966 1927 945 1839 725 508 542 202 1591 1990
ROUTE : 1403 265
ROUTE : 1262 1477 1009 1054 383 187 720 1803 1986 556
ROUTE : 560 1509 134 1332 1019 1472 2117 2178 1351 245 926 605
ROUTE : 127 1567 262 564 1015 1778 343 2214 1646 124 347
ROUTE : 2008 1327 1353 793 1612 2147 1099
ROUTE : 129 1053 330 2231 317 1889 767
ROUTE : 1096 1823 516 1014 113 1857 1546 704 1504 1731 1700
ROUTE : 280 1958 772 1690 1625 1648 650 2042 1679 1103 667 624
ROUTE : 1130 141 197 1769 1925 865 2028 59 776
ROUTE : 561 885 1029 1527
ROUTE : 2177 1716 1783 1502 1792 496 833 1655 1274 1994 673 1253 1603 172 207
ROUTE : 1814 1932 1661 173 1908 199 1775
ROUTE : 507 666 1500 389 481 649
ROUTE : 1307 266 2158 782 1382 256 70 1346 249 740 1080 770 211
ROUTE : 246 706 404 990 1470 669 1086 912 1282 1891 1390 2120 465 2003 1820 2047 49
ROUTE : 1523 193 75 765 1745 1418 1213
ROUTE : 267 485 1263 210 724 2219 1214 1223 2209 1320 2056
ROUTE : 2206 947 763 1078 904 254 1291 1398
ROUTE : 1624 223 1210 1632 1772 958 1722
ROUTE : 713 744 433 41 2226 1696
ROUTE : 195 1075 2045 866 128 2036 562 582 336 438 675 1366
ROUTE : 1675 935 1788 1114 1955 1121 2148 160
ROUTE : 1735 2071 864 2166 1001 520 346 2040 1657 1926 2119 644 1287 1826
ROUTE : 1894 1630 144 464 1162 2141 1248 504 1667
ROUTE : 1973 1479 1952 1931 1501 957 815 2218 2051
ROUTE : 1596 108 1827 1295
ROUTE : 2136 1930 515 179
ROUTE : 161 2203 1068 2114 384 593
ROUTE : 125 52 123 1524 1907 869
ROUTE : 845 2124 2012 1315 224 915 633 1131 471 48 752
ROUTE : 1026 1002 2228 386 1547 401 656 610 1413 2171 94 1830 1016 894 71
ROUTE : 2188 362 1540 1670 1082 1761 1012 233 1541
ROUTE : 1316 2189 1481 1736 1779 569 357
ROUTE : 1397 1495 952 1999 1286 1589 1858 715 1614 1635 368 1910 1503
ROUTE : 2107 1112 852 1237 1127 273 1619 166
ROUTE : 857 2118
ROUTE : 130 1837 287 1708 978 942 806 1695 524 1066 940
ROUTE : 2105 1978 818 217 1419 80 1556 2149 381 1852
ROUTE : 2217 522 538 557 1157 1471 2096 61 432
ROUTE : 948 1688 1060 2006 492 999 55
ROUTE : 609 634 1046 679 1652 303 925 149 1856 2022 1231 1738 1179 2135 1595 699
ROUTE : 695 916 895 1446 243 533 232
ROUTE : 1557 989 152 840 356 1534
ROUTE : 902 1161 1799 680 1100
DEPOT 38
ROUTE : 771 1751 801 936 659
ROUTE : 2163 1445 1660 764 1218 1188
EOF
