# instance=large_tight_a
COST : 7831152.6700
DEPOTS_OPENED : 30
ROUTES : 272
DEPOT 1
ROUTE : 702 776 576 1289 1120 1097 774 2013
ROUTE : 413 1559 1755 1940 1852 498 1309 1676 97
ROUTE : 877 540 477 1374 1118 807 272
ROUTE : 1956 570 721 660 1644 432 887 2001 1034 2003 1953
ROUTE : 334 921 1892 1717 1706 1881 1528
ROUTE : 389 1999 1181 651 1058 1975 766 188
ROUTE : 1483 2006 1873 601 863
ROUTE : 948 1789 1602 1497 622 1485
ROUTE : 1078 2020 739 569 1930 1427 617
ROUTE : 1966 1035 1330 1213 370 262 177
ROUTE : 55 1265 1529 1958 926 1169 1335
ROUTE : 147 2030 1168 800 1192 1573
ROUTE : 1590 1742 59 330 615 1333 1685
ROUTE : 1533 1499 372 904 1012 1843 1207
ROUTE : 1193 844 1535 1090 839
ROUTE : 623 661 1675 1869 715 288 141
DEPOT 2
ROUTE : 662 693 1698 1070 666 1032
ROUTE : 907 1369 1903 53 1106 1516 496
ROUTE : 1584 60 1853 136 1091 1501 37 1121 479 2029
ROUTE : 984 1101 295 1080 395 448
DEPOT 3
ROUTE : 1132 1758 425 1841 746 922 1657
ROUTE : 1476 1672 1694 1558 1582
ROUTE : 1828 600 123 669 308 1350 506
DEPOT 4
ROUTE : 1919 1680 237 1971 1544
ROUTE : 513 897 1141 1546 1735 1073
ROUTE : 712 1353 322 1564 221 1494 490
ROUTE : 1286 89 1678 1842 1745 156
ROUTE : 1560 1310 1444 1081 1818 1187 1586
ROUTE : 987 1692 1344 1074 93 277 2027 1299
ROUTE : 459 1759 1083 1929
DEPOT 5
ROUTE : 646 850 753
ROUTE : 602 635 1054 1445 828 507
DEPOT 6
ROUTE : 1674 1399 1778 1592 379 1503 271 1303
DEPOT 7
ROUTE : 567 1202 757 405 1605 1452 314 878 273 2032
ROUTE : 1621 1651 1562 955
DEPOT 8
ROUTE : 1538 1632 115 750 144 137 422 1424 1822
ROUTE : 942 1176 534 636 1423 1773 2014
ROUTE : 1365 866 1407 1015 1313 1063 484 1327
ROUTE : 408 320 2035 75 476 1942 461 1126
ROUTE : 1410 427 1003 387 763 1380 871 1566 1416 1859 1056
ROUTE : 793 1500 99 1790 1847 1808
ROUTE : 2011 1541 126 1769 1161 550
ROUTE : 1306 359 1686 251 255 164 260 1041 1057
ROUTE : 1425 329 190 1469 1387 1043 102 1813 1029 1112 1567
ROUTE : 1575 1266 364 965 1229
ROUTE : 1449 568 1902 285 1224
ROUTE : 1334 309 1784 42 253 1114 1858
ROUTE : 1921 1154 644 362 1941
ROUTE : 706 583 1401 409 816 811 83
ROUTE : 118 899 2010 209 1302 256 1341 523 769
ROUTE : 1816 992 530 1726 467 824 611 1648 1810
ROUTE : 917 1320 1809 475 1017 1754 1145 163 1957
ROUTE : 1800 1638 348 944 335 113 1617 1138 1414 981 73
ROUTE : 304 790 1142 1203 1835 162 665 1950
ROUTE : 257 1656 1862 1817 478 1019 337
ROUTE : 875 1856 1319 1004 1447 1258 1868
DEPOT 9
ROUTE : 561 1746 670 939 764 1727
ROUTE : 471 1571 527 924 801 1967 509 1752 67 1803 1395
ROUTE : 1798 327 403 1520 1943 1376 493 1550 961
ROUTE : 377 592 691 1524 148 1135 297 65
ROUTE : 1378 1625 254 1861 100
ROUTE : 1597 1775 833 1419 973 1194 632
ROUTE : 1359 1049 1569 1772 1938 157
ROUTE : 1989 49 1695 737 210 831
ROUTE : 1551 754 441 195 1434 1408 88 950 1291
ROUTE : 226 402 1661 1388 745 80 901 606
ROUTE : 1719 1865 340 808 782 1616 1371 153
ROUTE : 1238 158 1886 908 618 1990
ROUTE : 1802 854 1255 447 68 244 697
ROUTE : 267 1973 1165 1316 574 2015 259 392
ROUTE : 963 1129 1944 861 400 1072
ROUTE : 1536 999 1490 1236 1871 1681 52 1829 1438 1402
ROUTE : 1623 869 949 57 134 1252 46
ROUTE : 1487 1200 1716 991 1949 382
ROUTE : 1479 205 1066 1493 365 607 274 350 1269
ROUTE : 436 1166 1451 1878 1988 1115
ROUTE : 1232 1611 2033 2017 983 468
ROUTE : 428 1146 1179 74 1920 1992 545 1391 722
ROUTE : 532 1699 121 131 1443 1700 204
ROUTE : 573 1660 1753 1465 78 1507 1294
ROUTE : 563 1729 1630 1308 437 838 1110 756
ROUTE : 1418 548 930 1251 193 200 104 912 1128 150
ROUTE : 1262 1884 988 667 1047 547 1875 627 825
ROUTE : 1267 729 652 1473 803 1124 760 832 64 1787 913
ROUTE : 1332 154 1343 1094 1336 952 767 1298 1158 879 526
ROUTE : 2022 202 881 520 551 2012 1907 673
ROUTE : 536 741 1301 1748 668 1123 1167 218 357
ROUTE : 276 76 885 771 1960 415 174
ROUTE : 1998 293 446 143 1027 857
ROUTE : 982 874 142 928 1565 1198 384 216 1612 1646
ROUTE : 1413 1704 681 132 1411 1342 300 934 1297 1075 1446
ROUTE : 1018 1412 1360 1548 1812
ROUTE : 1356 246 184 1024 1292 2005
ROUTE : 183 278 1013 1543 740 1257 1926
ROUTE : 938 1037 1690 222 1705 1664 1157
ROUTE : 1610 342 642 1650 759 1204 566 1780 1604
ROUTE : 352 616 1554 1518 985 1108 173 1318 1475
ROUTE : 1095 1239 1385 433 1709 619 1328 1912 524 598 674
ROUTE : 804 283 1277 1227 305 1346 1761 1028 343
ROUTE : 676 558 2024 380 842 1215
ROUTE : 1278 2021 366 815 1205 431
ROUTE : 1137 1030 315 968 430 1837 777 1980 1405
ROUTE : 1149 145 1540 738 1279 1733 993 972
ROUTE : 321 487 1228 1734 1640 967 1311 768 1557
ROUTE : 1472 279 1010 1534 169 1598 1874
ROUTE : 1242 1904 1831 1368 720 306
ROUTE : 1178 1634 36 1016 919 223 281
ROUTE : 287 586 1796 155 502 1946 923 1206
DEPOT 10
ROUTE : 474 231 1631 1442 1687 1122 243
ROUTE : 1052 1791 1855
DEPOT 11
ROUTE : 1140 133 935 1977 1718 220
ROUTE : 469 1273 41 396 1362
ROUTE : 655 112 1461 1563 716
ROUTE : 1624 1431 491 1379 1615 1767 784
ROUTE : 1639 528 1382 481 708 1244 957 1221 206
ROUTE : 376 1087 941 207 1415 1905 227 175 656
ROUTE : 282 72 1618 1026 456 1898 1783
ROUTE : 1089 1671 1293 268 363 182 310
ROUTE : 339 587 1352 77 290 1964 1833 575
DEPOT 12
ROUTE : 1421 557 1290 1890 931 628 1226 401
ROUTE : 1737 820 442 110 1760 1323 892 1537
ROUTE : 419 149 1935 915 1457 1683
ROUTE : 1276 1811 452 663
ROUTE : 194 1712 1366 1731 270 785 208
ROUTE : 826 1400 1741 1792 1807 1954 1827
DEPOT 13
ROUTE : 1568 1162 1613 1637 1850 151 541 596
ROUTE : 1046 43 1038 787 1776 608 2025 1985 1060
ROUTE : 2007 1879 1530 535 989 1345
ROUTE : 470 672 1654 588 1830 185 1647
ROUTE : 1130 1655 258 426 1814 1936 1779
ROUTE : 1211 1795 998 92 554 860 1191 814 1959 1996 1025 1051 516
DEPOT 14
ROUTE : 624 1235 1478 1972 736 639 789
ROUTE : 653 161 249 1256 612
ROUTE : 114 369 1055 1927 203 1768 1208 1210
ROUTE : 597 325 505 1633 1079 440 50 797 1606 1218 1987
ROUTE : 1195 508 1033 482 355 1876
ROUTE : 1785 531 1042 1102 778 645 876 734
ROUTE : 1976 996 773 238 577 197
ROUTE : 1300 579 958 614 1580 846 269 684 630
ROUTE : 1312 873 1797 888 620 1247
DEPOT 15
ROUTE : 584 332 836 1641 1389
ROUTE : 1422 465 638 1050 711
ROUTE : 351 954 679 511 1390 1148 1893
ROUTE : 1724 1044 1196 929 473 1962
ROUTE : 906 559 250 909 997 552 1649
ROUTE : 835 1997 1197 1177
ROUTE : 752 553 1040 463 312 744
DEPOT 16
ROUTE : 525 1595 307 1579 1147
ROUTE : 326 1525 1092 590 1488 1119 1233
DEPOT 17
ROUTE : 1433 1491 1284 775 2008 1932 1603 344
ROUTE : 1174 1113 69 1295 1693 368 898
DEPOT 19
ROUTE : 633 883 1432 719 375 128 324
ROUTE : 385 1786 539 361 643 1370 1870
ROUTE : 1756 1307 1885 265 439 1593 1305 90 605 1688
ROUTE : 122 1482 1821 1429 82
ROUTE : 247 1629 680 1523 201 1576 648 685 1201 514 761 841 1619
ROUTE : 411 1974 634 870 689 859 44
ROUTE : 890 1103 503 1801 593 1663 707
ROUTE : 695 1556 849 1788 435 812 1952 510 1713
ROUTE : 48 224 1774 829 1933 421 318 710
ROUTE : 1519 1076 975 2009 62 677 1131 47 219 228 323 731
ROUTE : 1282 1237 489 214 86 1337 1088
ROUTE : 1498 356 1955 176 1991 191
ROUTE : 565 1077 986 462 488 1223
ROUTE : 1743 1274 1820 599 1031 940
ROUTE : 1799 460 700 990 138 1062 848
ROUTE : 1059 723 338 886 1917 517 1225 960
ROUTE : 1918 810 1626 1363 718 1720
ROUTE : 248 1819 1689 1588 1670 1008 1527
ROUTE : 743 795 1715 631 289 1910 1403 1662
ROUTE : 1189 1643 1711 959 562 165
ROUTE : 1462 160 1164 872 1594 762 951 1732
ROUTE : 1216 893 316 1577 1867 504 1270 1864
ROUTE : 847 1001 179 391 1230 1553 1510 152
ROUTE : 703 159 1481 1882 809 780 458 1911 1963
ROUTE : 1574 542 404 884 1504
ROUTE : 817 1439 1897 117 116 353 1931 186 1136
ROUTE : 1397 71 373 1111 394 349 480 212
ROUTE : 1969 1887 1572 1067 333 495 39 1241 682 735
ROUTE : 1151 1880 1459 626 1263 1896 1517 171
ROUTE : 772 139 420 889 242 336 111 1069
ROUTE : 1844 1109 1622 418 109 629 1331 1160 1860 381
ROUTE : 1039 166 1628 1264 1922 1358 945
ROUTE : 786 564 880 215 1901 275 916
ROUTE : 443 894 1182 1591 1426
DEPOT 20
ROUTE : 2034 704 1354 580 581 1866 822
ROUTE : 603 794 585 726 604
DEPOT 22
ROUTE : 1581 1708 1764 529 1642
ROUTE : 79 1555 1703 1480 1993
ROUTE : 920 407 1245 1339 1757 1696 423
DEPOT 23
ROUTE : 671 1220 236 1794 813 1965 178
ROUTE : 1188 609 1484 994 1839 1347
ROUTE : 969 1209 386 1777 572 263 1906
ROUTE : 434 298 1916 1665
ROUTE : 1357 1464 658 933 1583 1857 1620 943
DEPOT 24
ROUTE : 1804 686 647 1771 864 500 834 1314
ROUTE : 341 688 1061 1045 1183 494 698
ROUTE : 187 198 678 543 582 1288
ROUTE : 1947 537 303 347 845 1899 397
ROUTE : 286 1702 213 692 1329 38 1659 1084
ROUTE : 1851 936 354 107 240 868 1707
ROUTE : 1064 416 1240 1609 398 1635
DEPOT 26
ROUTE : 891 1285 1326 788 84
DEPOT 27
ROUTE : 1723 119 241 977 821 2031 1375 1381
DEPOT 28
ROUTE : 388 1765 492 1394 1515 417 66
ROUTE : 1496 515 918 1007 1895 40 1117 1832 1721
ROUTE : 862 1006 1099 1398 1253 714 63
ROUTE : 758 953 594 1728 367 317
ROUTE : 1351 1372 538 1144 284 1979 1766 978
ROUTE : 1749 1770 837 301 140 129 383 235
ROUTE : 979 1513 1995 1159 1474 170 106 971
ROUTE : 1823 1589 1945 1805 1763 1667 1915 61 1325
ROUTE : 1834 1781 1185 657
ROUTE : 1908 319 856 1143 1065 1296 1691 1978 172 457
ROUTE : 217 1578 1486 1682 1888 956 261 1652 1981
ROUTE : 127 1845 1231 522 1970 1304 1340
ROUTE : 371 1744 1913 1848 1658 725
ROUTE : 1005 1512 1392 1793 87 946 414 853
ROUTE : 1489 1086 1470 1281 1522 896 1505 1396 640 1722 1891
ROUTE : 713 1406 1599 168 827 1172 1838 1601 747 1645
ROUTE : 625 1937 976 925 851 1740 1116 749
ROUTE : 914 1585 694 1180 2018 1420 1948
ROUTE : 533 1600 1275 1460 1495 1404
ROUTE : 799 641 937 192 974 233 805
DEPOT 29
ROUTE : 230 1386 1710 1163 1002 589
DEPOT 31
ROUTE : 1923 560 264 659 1824 1435 1466 449 497
ROUTE : 1825 1924 1173 124 1596 299 709 2028 1155
ROUTE : 501 1022 1324 1455 555 637 1547 1361 1100 94
ROUTE : 1984 393 1914 1153 108 1668 591 970 105 280
ROUTE : 1545 1321 819 103 521 199 791 779
ROUTE : 1714 1463 1254 1889 675 783 1107
ROUTE : 1934 1217 358 1317 980 1872 1214 927 196
ROUTE : 302 45 781 932 455 438
ROUTE : 1260 1539 732 818 549 1532 1104 1283
ROUTE : 765 724 649 1669 1453 1492 1653
ROUTE : 346 1093 1071 911 1175 429 1322 1009
ROUTE : 292 91 451 613 1287 234 120
ROUTE : 690 1511 232 1730 390 454
ROUTE : 1636 1428 664 1846 1000 1271 742
ROUTE : 1514 770 56 1697 2016 1105 755
DEPOT 32
ROUTE : 328 444 1186 1249 81 1468 1011
ROUTE : 1506 466 1436 733 2004
ROUTE : 1373 266 1508 1883 1739 345
DEPOT 33
ROUTE : 1171 1738 54 595 360 1259 1854
ROUTE : 1243 1627 1448 1939 900
ROUTE : 696 1184 1349 571 1261 1456 1082 1219 1900
ROUTE : 910 70 472 1840 1150 85 1736 450
ROUTE : 2023 1133 1849 1725 683 130 1477 1677 483
ROUTE : 98 181 1377 1315 1509 1199 1806 1085
ROUTE : 905 1666 2026 101 1338 1549
ROUTE : 1234 1450 406 245 1815 1156 1048
DEPOT 34
ROUTE : 748 96 1928 291 1437 374 1587 578
ROUTE : 1531 610 167 544 180 1364
ROUTE : 499 225 717 1272 1246 1951 2019 1467 445 1250
ROUTE : 1607 903 650 1409 1355 1393
ROUTE : 2000 830 1458 1894 2002 1014
ROUTE : 796 1280 1750 802 902 189 1909
ROUTE : 58 1826 705 882 1552 1134 1430 1986
ROUTE : 1020 865 1212 1961 486 556 146 518
ROUTE : 1526 1877 1679 964 1863 1836
ROUTE : 1021 843 399 966 453 1471
ROUTE : 728 424 840 1152 546 313 1053 410
ROUTE : 252 654 823 412 1170 1454 1268 1125 1096
ROUTE : 1441 1684 125 331 135 1127 1248 621
ROUTE : 1561 730 1036 1348 1502 51 1608 727 962 806
ROUTE : 512 485 229 751 519 1190
ROUTE : 701 239 895 311 1701 995 1747
ROUTE : 1542 1982 1968 1383 1983 699 1762
ROUTE : 1925 1440 1994 855 867 294 858 1139
ROUTE : 211 1098 1367 687 1570
ROUTE : 378 95 1417 792 1222 1673 1384 798 947 1068 1521
ROUTE : 852 1614 464 1023 296 1782 1751
EOF
